(10, 3, 0.6, 1, 0.018058300018310547, 0.010032176971435547)
(10, 3, 0.6, 1, 0.009026050567626953, 0.008521080017089844)
(10, 3, 0.6, 1, 0.011600017547607422, 0.013069868087768555)
(10, 3, 0.6, 1, 0.008545398712158203, 0.009545087814331055)
(10, 3, 0.6, 1, 0.01024174690246582, 0.011531829833984375)
(10, 3, 0.6, 1, 0.010027408599853516, 0.01068115234375)
(10, 3, 0.6, 1, 0.010030746459960938, 0.015538215637207031)
(10, 3, 0.6, 1, 0.008315324783325195, 0.010554313659667969)
(10, 3, 0.6, 1, 0.009544610977172852, 0.008022069931030273)
(10, 3, 0.6, 1, 0.009026050567626953, 0.008863449096679688)
(10, 3, 0.6, 5, 0.0135498046875, 0.01359868049621582)
(10, 3, 0.6, 5, 0.01265573501586914, 0.018572568893432617)
(10, 3, 0.6, 5, 0.012537002563476562, 0.013527393341064453)
(10, 3, 0.6, 5, 0.013080120086669922, 0.013040781021118164)
(10, 3, 0.6, 5, 0.01461482048034668, 0.014342546463012695)
(10, 3, 0.6, 5, 0.014176130294799805, 0.013849973678588867)
(10, 3, 0.6, 5, 0.014305591583251953, 0.013031721115112305)
(10, 3, 0.6, 5, 0.014540672302246094, 0.013025045394897461)
(10, 3, 0.6, 5, 0.012530803680419922, 0.014077186584472656)
(10, 3, 0.6, 5, 0.012620687484741211, 0.014541864395141602)
(10, 3, 0.6, 10, 0.014551401138305664, 0.014535665512084961)
(10, 3, 0.6, 10, 0.013538122177124023, 0.015604019165039062)
(10, 3, 0.6, 10, 0.013548851013183594, 0.014530420303344727)
(10, 3, 0.6, 10, 0.01311802864074707, 0.013535261154174805)
(10, 3, 0.6, 10, 0.014533042907714844, 0.01453399658203125)
(10, 3, 0.6, 10, 0.01372528076171875, 0.013028621673583984)
(10, 3, 0.6, 10, 0.014133691787719727, 0.016124963760375977)
(10, 3, 0.6, 10, 0.014031171798706055, 0.013128280639648438)
(10, 3, 0.6, 10, 0.018184423446655273, 0.014538764953613281)
(10, 3, 0.6, 10, 0.013563156127929688, 0.01578068733215332)
(10, 3, 0.8, 1, 0.010029315948486328, 0.011521577835083008)
(10, 3, 0.8, 1, 0.011528730392456055, 0.010028839111328125)
(10, 3, 0.8, 1, 0.008560895919799805, 0.010035276412963867)
(10, 3, 0.8, 1, 0.01103353500366211, 0.010442018508911133)
(10, 3, 0.8, 1, 0.009525775909423828, 0.011536598205566406)
(10, 3, 0.8, 1, 0.010022163391113281, 0.009019613265991211)
(10, 3, 0.8, 1, 0.00801992416381836, 0.009624004364013672)
(10, 3, 0.8, 1, 0.0442805290222168, 0.010023832321166992)
(10, 3, 0.8, 1, 0.009012460708618164, 0.009931802749633789)
(10, 3, 0.8, 1, 0.012553930282592773, 0.01052713394165039)
(10, 3, 0.8, 5, 0.015545368194580078, 0.018121957778930664)
(10, 3, 0.8, 5, 0.015045404434204102, 0.01654052734375)
(10, 3, 0.8, 5, 0.015537738800048828, 0.015036344528198242)
(10, 3, 0.8, 5, 0.01667475700378418, 0.017020225524902344)
(10, 3, 0.8, 5, 0.016563892364501953, 0.015535593032836914)
(10, 3, 0.8, 5, 0.015039205551147461, 0.019627094268798828)
(10, 3, 0.8, 5, 0.017546892166137695, 0.01960277557373047)
(10, 3, 0.8, 5, 0.01703667640686035, 0.019091367721557617)
(10, 3, 0.8, 5, 0.016268014907836914, 0.03606152534484863)
(10, 3, 0.8, 5, 0.021510839462280273, 0.019518613815307617)
(10, 3, 0.8, 10, 0.018543243408203125, 0.015129804611206055)
(10, 3, 0.8, 10, 0.01757335662841797, 0.016541004180908203)
(10, 3, 0.8, 10, 0.01708674430847168, 0.04815268516540527)
(10, 3, 0.8, 10, 0.016530275344848633, 0.017681121826171875)
(10, 3, 0.8, 10, 0.019145965576171875, 0.017206192016601562)
(10, 3, 0.8, 10, 0.01756739616394043, 0.0175325870513916)
(10, 3, 0.8, 10, 0.016673803329467773, 0.016402721405029297)
(10, 3, 0.8, 10, 0.018562793731689453, 0.017686843872070312)
(10, 3, 0.8, 10, 0.01857471466064453, 0.01756119728088379)
(10, 3, 0.8, 10, 0.018551111221313477, 0.01858830451965332)
(10, 3, 1, 1, 0.010875463485717773, 0.013537883758544922)
(10, 3, 1, 1, 0.011631011962890625, 0.012030363082885742)
(10, 3, 1, 1, 0.010019779205322266, 0.011026144027709961)
(10, 3, 1, 1, 0.010027408599853516, 0.010987281799316406)
(10, 3, 1, 1, 0.011579513549804688, 0.010540008544921875)
(10, 3, 1, 1, 0.010062932968139648, 0.010025739669799805)
(10, 3, 1, 1, 0.011064529418945312, 0.009025812149047852)
(10, 3, 1, 1, 0.010555505752563477, 0.011032819747924805)
(10, 3, 1, 1, 0.011048078536987305, 0.010549306869506836)
(10, 3, 1, 1, 0.009038448333740234, 0.012540102005004883)
(10, 3, 1, 5, 0.018187999725341797, 0.018583297729492188)
(10, 3, 1, 5, 0.04918646812438965, 0.01753997802734375)
(10, 3, 1, 5, 0.019634008407592773, 0.01804971694946289)
(10, 3, 1, 5, 0.020686626434326172, 0.018062353134155273)
(10, 3, 1, 5, 0.01905035972595215, 0.018547773361206055)
(10, 3, 1, 5, 0.020089149475097656, 0.017583131790161133)
(10, 3, 1, 5, 0.018058061599731445, 0.018051862716674805)
(10, 3, 1, 5, 0.017793655395507812, 0.018053293228149414)
(10, 3, 1, 5, 0.019648313522338867, 0.017403364181518555)
(10, 3, 1, 5, 0.0185701847076416, 0.018573284149169922)
(10, 3, 1, 10, 0.019608497619628906, 0.01956796646118164)
(10, 3, 1, 10, 0.02008819580078125, 0.023126602172851562)
(10, 3, 1, 10, 0.02082037925720215, 0.02005743980407715)
(10, 3, 1, 10, 0.03182077407836914, 0.0733332633972168)
(10, 3, 1, 10, 0.02006363868713379, 0.019552946090698242)
(10, 3, 1, 10, 0.0181121826171875, 0.019599437713623047)
(10, 3, 1, 10, 0.02006220817565918, 0.020157337188720703)
(10, 3, 1, 10, 0.02056884765625, 0.021678924560546875)
(10, 3, 1, 10, 0.02142620086669922, 0.021590709686279297)
(10, 3, 1, 10, 0.020109891891479492, 0.02037215232849121)
(10, 5, 0.6, 1, 0.008019447326660156, 0.01154470443725586)
(10, 5, 0.6, 1, 0.010042905807495117, 0.0115509033203125)
(10, 5, 0.6, 1, 0.007515668869018555, 0.008521795272827148)
(10, 5, 0.6, 1, 0.007617473602294922, 0.01706075668334961)
(10, 5, 0.6, 1, 0.009026527404785156, 0.010946512222290039)
(10, 5, 0.6, 1, 0.01012277603149414, 0.011785030364990234)
(10, 5, 0.6, 1, 0.006516456604003906, 0.008524656295776367)
(10, 5, 0.6, 1, 0.0065114498138427734, 0.014103889465332031)
(10, 5, 0.6, 1, 0.007547616958618164, 0.009521722793579102)
(10, 5, 0.6, 1, 0.009033679962158203, 0.010057449340820312)
(10, 5, 0.6, 5, 0.055309295654296875, 0.02661275863647461)
(10, 5, 0.6, 5, 0.024083614349365234, 0.025811433792114258)
(10, 5, 0.6, 5, 0.027690649032592773, 0.04281258583068848)
(10, 5, 0.6, 5, 0.02823925018310547, 0.024199485778808594)
(10, 5, 0.6, 5, 0.02417731285095215, 0.028291702270507812)
(10, 5, 0.6, 5, 0.023609638214111328, 0.024103164672851562)
(10, 5, 0.6, 5, 0.02710127830505371, 0.024174213409423828)
(10, 5, 0.6, 5, 0.025590896606445312, 0.0239865779876709)
(10, 5, 0.6, 5, 0.02408313751220703, 0.023677587509155273)
(10, 5, 0.6, 5, 0.02490711212158203, 0.02410268783569336)
(10, 5, 0.6, 10, 0.06139659881591797, 0.02915501594543457)
(10, 5, 0.6, 10, 0.02765798568725586, 0.030289411544799805)
(10, 5, 0.6, 10, 0.02896595001220703, 0.029634475708007812)
(10, 5, 0.6, 10, 0.02878117561340332, 0.03487658500671387)
(10, 5, 0.6, 10, 0.028594970703125, 0.02870917320251465)
(10, 5, 0.6, 10, 0.029366731643676758, 0.027669668197631836)
(10, 5, 0.6, 10, 0.030148983001708984, 0.029066801071166992)
(10, 5, 0.6, 10, 0.03164410591125488, 0.029102087020874023)
(10, 5, 0.6, 10, 0.06154060363769531, 0.02958059310913086)
(10, 5, 0.6, 10, 0.03110814094543457, 0.028725385665893555)
(10, 5, 0.8, 1, 0.0070192813873291016, 0.01002812385559082)
(10, 5, 0.8, 1, 0.008014917373657227, 0.010563373565673828)
(10, 5, 0.8, 1, 0.0075359344482421875, 0.01001882553100586)
(10, 5, 0.8, 1, 0.009032726287841797, 0.014550447463989258)
(10, 5, 0.8, 1, 0.008727312088012695, 0.01053476333618164)
(10, 5, 0.8, 1, 0.008021116256713867, 0.012537002563476562)
(10, 5, 0.8, 1, 0.008602619171142578, 0.011029958724975586)
(10, 5, 0.8, 1, 0.00802469253540039, 0.011153459548950195)
(10, 5, 0.8, 1, 0.010559797286987305, 0.011034011840820312)
(10, 5, 0.8, 1, 0.009021759033203125, 0.011242151260375977)
(10, 5, 0.8, 5, 0.031629085540771484, 0.02909398078918457)
(10, 5, 0.8, 5, 0.030128002166748047, 0.03207659721374512)
(10, 5, 0.8, 5, 0.029398202896118164, 0.029673337936401367)
(10, 5, 0.8, 5, 0.07322406768798828, 0.031198978424072266)
(10, 5, 0.8, 5, 0.033913612365722656, 0.035890817642211914)
(10, 5, 0.8, 5, 0.029273509979248047, 0.032173871994018555)
(10, 5, 0.8, 5, 0.03415799140930176, 0.03063225746154785)
(10, 5, 0.8, 5, 0.02985525131225586, 0.03326535224914551)
(10, 5, 0.8, 5, 0.02927374839782715, 0.028608083724975586)
(10, 5, 0.8, 5, 0.0628347396850586, 0.029081344604492188)
(10, 5, 0.8, 10, 0.034085988998413086, 0.035169363021850586)
(10, 5, 0.8, 10, 0.06618905067443848, 0.03600287437438965)
(10, 5, 0.8, 10, 0.039260149002075195, 0.03450822830200195)
(10, 5, 0.8, 10, 0.03410005569458008, 0.03502845764160156)
(10, 5, 0.8, 10, 0.036123037338256836, 0.03961658477783203)
(10, 5, 0.8, 10, 0.03417158126831055, 0.0361018180847168)
(10, 5, 0.8, 10, 0.03272533416748047, 0.03476405143737793)
(10, 5, 0.8, 10, 0.03564882278442383, 0.07046389579772949)
(10, 5, 0.8, 10, 0.03583884239196777, 0.03409314155578613)
(10, 5, 0.8, 10, 0.037163734436035156, 0.03621101379394531)
(10, 5, 1, 1, 0.00901651382446289, 0.013083457946777344)
(10, 5, 1, 1, 0.008022546768188477, 0.010540485382080078)
(10, 5, 1, 1, 0.009020805358886719, 0.014168024063110352)
(10, 5, 1, 1, 0.009020805358886719, 0.013020515441894531)
(10, 5, 1, 1, 0.007525920867919922, 0.014578104019165039)
(10, 5, 1, 1, 0.008518457412719727, 0.012546777725219727)
(10, 5, 1, 1, 0.010558605194091797, 0.014591693878173828)
(10, 5, 1, 1, 0.009021997451782227, 0.011535406112670898)
(10, 5, 1, 1, 0.008027791976928711, 0.01461935043334961)
(10, 5, 1, 1, 0.008510828018188477, 0.010582685470581055)
(10, 5, 1, 5, 0.0359041690826416, 0.03408384323120117)
(10, 5, 1, 5, 0.03287315368652344, 0.0650322437286377)
(10, 5, 1, 5, 0.03517937660217285, 0.03429532051086426)
(10, 5, 1, 5, 0.032671451568603516, 0.033599138259887695)
(10, 5, 1, 5, 0.03263425827026367, 0.03159523010253906)
(10, 5, 1, 5, 0.03541874885559082, 0.03359508514404297)
(10, 5, 1, 5, 0.0331118106842041, 0.03559541702270508)
(10, 5, 1, 5, 0.034096717834472656, 0.031683921813964844)
(10, 5, 1, 5, 0.035128116607666016, 0.0635688304901123)
(10, 5, 1, 5, 0.03784751892089844, 0.03308725357055664)
(10, 5, 1, 10, 0.04526567459106445, 0.04411053657531738)
(10, 5, 1, 10, 0.04428720474243164, 0.04210162162780762)
(10, 5, 1, 10, 0.045168399810791016, 0.04312634468078613)
(10, 5, 1, 10, 0.04413771629333496, 0.04309988021850586)
(10, 5, 1, 10, 0.08374571800231934, 0.0441279411315918)
(10, 5, 1, 10, 0.04411125183105469, 0.04559326171875)
(10, 5, 1, 10, 0.04528665542602539, 0.04284548759460449)
(10, 5, 1, 10, 0.04278111457824707, 0.04342007637023926)
(10, 5, 1, 10, 0.043291330337524414, 0.04463315010070801)
(10, 5, 1, 10, 0.042412519454956055, 0.043157339096069336)
(10, 7, 0.6, 1, 0.007044792175292969, 0.008024930953979492)
(10, 7, 0.6, 1, 0.0067348480224609375, 0.010528087615966797)
(10, 7, 0.6, 1, 0.007022380828857422, 0.011544227600097656)
(10, 7, 0.6, 1, 0.008022785186767578, 0.010024785995483398)
(10, 7, 0.6, 1, 0.006005764007568359, 0.012408971786499023)
(10, 7, 0.6, 1, 0.007512092590332031, 0.01002192497253418)
(10, 7, 0.6, 1, 0.007520914077758789, 0.011565923690795898)
(10, 7, 0.6, 1, 0.010213136672973633, 0.009018898010253906)
(10, 7, 0.6, 1, 0.006508827209472656, 0.008021354675292969)
(10, 7, 0.6, 1, 0.006602287292480469, 0.012939214706420898)
(10, 7, 0.6, 5, 0.030577898025512695, 0.13456034660339355)
(10, 7, 0.6, 5, 0.03213763236999512, 0.16784071922302246)
(10, 7, 0.6, 5, 0.031091928482055664, 0.16895747184753418)
(10, 7, 0.6, 5, 0.03653550148010254, 0.1728649139404297)
(10, 7, 0.6, 5, 0.03171348571777344, 0.08755803108215332)
(10, 7, 0.6, 5, 0.0317537784576416, 0.15563607215881348)
(10, 7, 0.6, 5, 0.03237318992614746, 0.0480804443359375)
(10, 7, 0.6, 5, 0.02962660789489746, 0.1649768352508545)
(10, 7, 0.6, 5, 0.053313493728637695, 0.1588578224182129)
(10, 7, 0.6, 5, 0.03210568428039551, 0.08287167549133301)
(10, 7, 0.6, 10, 0.04551124572753906, 0.04561042785644531)
(10, 7, 0.6, 10, 0.046416282653808594, 0.0798346996307373)
(10, 7, 0.6, 10, 0.04269552230834961, 0.045274972915649414)
(10, 7, 0.6, 10, 0.04626727104187012, 0.044609785079956055)
(10, 7, 0.6, 10, 0.045226097106933594, 0.0468297004699707)
(10, 7, 0.6, 10, 0.044025421142578125, 0.045027971267700195)
(10, 7, 0.6, 10, 0.04441475868225098, 0.04363894462585449)
(10, 7, 0.6, 10, 0.08236479759216309, 0.04512333869934082)
(10, 7, 0.6, 10, 0.04521608352661133, 0.04388880729675293)
(10, 7, 0.6, 10, 0.04668879508972168, 0.04729509353637695)
(10, 7, 0.8, 1, 0.00751042366027832, 0.011273622512817383)
(10, 7, 0.8, 1, 0.008524656295776367, 0.008518695831298828)
(10, 7, 0.8, 1, 0.007537364959716797, 0.012543916702270508)
(10, 7, 0.8, 1, 0.006184101104736328, 0.011032819747924805)
(10, 7, 0.8, 1, 0.008021116256713867, 0.008020401000976562)
(10, 7, 0.8, 1, 0.0065708160400390625, 0.01003122329711914)
(10, 7, 0.8, 1, 0.00851893424987793, 0.010335922241210938)
(10, 7, 0.8, 1, 0.007016897201538086, 0.010635137557983398)
(10, 7, 0.8, 1, 0.0065195560455322266, 0.008708953857421875)
(10, 7, 0.8, 1, 0.00702214241027832, 0.008052587509155273)
(10, 7, 0.8, 5, 0.03972220420837402, 0.07420706748962402)
(10, 7, 0.8, 5, 0.04003262519836426, 0.04009389877319336)
(10, 7, 0.8, 5, 0.0386052131652832, 0.15996360778808594)
(10, 7, 0.8, 5, 0.04025459289550781, 0.16668033599853516)
(10, 7, 0.8, 5, 0.04684090614318848, 0.047590017318725586)
(10, 7, 0.8, 5, 0.05005311965942383, 0.04936408996582031)
(10, 7, 0.8, 5, 0.04187345504760742, 0.07990622520446777)
(10, 7, 0.8, 5, 0.0460360050201416, 0.16067910194396973)
(10, 7, 0.8, 5, 0.03928327560424805, 0.06235694885253906)
(10, 7, 0.8, 5, 0.0417630672454834, 0.04059624671936035)
(10, 7, 0.8, 10, 0.05632901191711426, 0.05978131294250488)
(10, 7, 0.8, 10, 0.05890917778015137, 0.06101632118225098)
(10, 7, 0.8, 10, 0.09435534477233887, 0.05766010284423828)
(10, 7, 0.8, 10, 0.05874752998352051, 0.05912947654724121)
(10, 7, 0.8, 10, 0.05765938758850098, 0.0741422176361084)
(10, 7, 0.8, 10, 0.09137296676635742, 0.06341099739074707)
(10, 7, 0.8, 10, 0.09661245346069336, 0.05732297897338867)
(10, 7, 0.8, 10, 0.05760526657104492, 0.05857563018798828)
(10, 7, 0.8, 10, 0.06402373313903809, 0.05730128288269043)
(10, 7, 0.8, 10, 0.06066751480102539, 0.058220624923706055)
(10, 7, 1, 1, 0.006611347198486328, 0.010732173919677734)
(10, 7, 1, 1, 0.009025096893310547, 0.009203195571899414)
(10, 7, 1, 1, 0.0075147151947021484, 0.010024070739746094)
(10, 7, 1, 1, 0.007023811340332031, 0.010030031204223633)
(10, 7, 1, 1, 0.006523609161376953, 0.05014228820800781)
(10, 7, 1, 1, 0.007511138916015625, 0.012010335922241211)
(10, 7, 1, 1, 0.008116722106933594, 0.009478092193603516)
(10, 7, 1, 1, 0.007907390594482422, 0.01012563705444336)
(10, 7, 1, 1, 0.009176492691040039, 0.012189626693725586)
(10, 7, 1, 1, 0.008994579315185547, 0.009505271911621094)
(10, 7, 1, 5, 0.07830119132995605, 0.048162221908569336)
(10, 7, 1, 5, 0.050304412841796875, 0.04919838905334473)
(10, 7, 1, 5, 0.05001974105834961, 0.04973125457763672)
(10, 7, 1, 5, 0.05046653747558594, 0.04929471015930176)
(10, 7, 1, 5, 0.04874777793884277, 0.0536651611328125)
(10, 7, 1, 5, 0.04840874671936035, 0.04773354530334473)
(10, 7, 1, 5, 0.047498226165771484, 0.04788017272949219)
(10, 7, 1, 5, 0.049373626708984375, 0.05310487747192383)
(10, 7, 1, 5, 0.046772003173828125, 0.046813011169433594)
(10, 7, 1, 5, 0.08467864990234375, 0.05064105987548828)
(10, 7, 1, 10, 0.06645965576171875, 0.06767749786376953)
(10, 7, 1, 10, 0.06703901290893555, 0.06963491439819336)
(10, 7, 1, 10, 0.06705403327941895, 0.10597848892211914)
(10, 7, 1, 10, 0.0694429874420166, 0.0674746036529541)
(10, 7, 1, 10, 0.06769704818725586, 0.06980395317077637)
(10, 7, 1, 10, 0.06953263282775879, 0.06738567352294922)
(10, 7, 1, 10, 0.11495375633239746, 0.06834292411804199)
(10, 7, 1, 10, 0.06863784790039062, 0.06713676452636719)
(10, 7, 1, 10, 0.07139897346496582, 0.07546091079711914)
(10, 7, 1, 10, 0.06520748138427734, 0.1082601547241211)
(10, 9, 0.6, 1, 0.006597757339477539, 0.00751948356628418)
(10, 9, 0.6, 1, 0.006516933441162109, 0.007583141326904297)
(10, 9, 0.6, 1, 0.008534908294677734, 0.008023500442504883)
(10, 9, 0.6, 1, 0.006505489349365234, 0.008567333221435547)
(10, 9, 0.6, 1, 0.006013393402099609, 0.008522987365722656)
(10, 9, 0.6, 1, 0.008026123046875, 0.007535696029663086)
(10, 9, 0.6, 1, 0.007102251052856445, 0.008063554763793945)
(10, 9, 0.6, 1, 0.007012605667114258, 0.008020162582397461)
(10, 9, 0.6, 1, 0.0065114498138427734, 0.008526086807250977)
(10, 9, 0.6, 1, 0.006517648696899414, 0.007534503936767578)
(10, 9, 0.6, 5, 0.03943300247192383, 0.05315256118774414)
(10, 9, 0.6, 5, 0.035608768463134766, 0.054224252700805664)
(10, 9, 0.6, 5, 0.03458142280578613, 0.0429232120513916)
(10, 9, 0.6, 5, 0.043695926666259766, 0.11729955673217773)
(10, 9, 0.6, 5, 0.08071398735046387, 0.04769587516784668)
(10, 9, 0.6, 5, 0.03380990028381348, 0.05480146408081055)
(10, 9, 0.6, 5, 0.034415245056152344, 0.05986523628234863)
(10, 9, 0.6, 5, 0.03763413429260254, 0.04518532752990723)
(10, 9, 0.6, 5, 0.036095619201660156, 0.04004979133605957)
(10, 9, 0.6, 5, 0.03421926498413086, 0.042787790298461914)
(10, 9, 0.6, 10, 0.09817028045654297, 0.18299603462219238)
(10, 9, 0.6, 10, 0.06085062026977539, 0.1952505111694336)
(10, 9, 0.6, 10, 0.060732364654541016, 0.18253421783447266)
(10, 9, 0.6, 10, 0.06449651718139648, 0.19663619995117188)
(10, 9, 0.6, 10, 0.09423303604125977, 0.18371248245239258)
(10, 9, 0.6, 10, 0.0627138614654541, 0.1732499599456787)
(10, 9, 0.6, 10, 0.05852985382080078, 0.1882166862487793)
(10, 9, 0.6, 10, 0.060235023498535156, 0.18702077865600586)
(10, 9, 0.6, 10, 0.09567666053771973, 0.2808103561401367)
(10, 9, 0.6, 10, 0.06367015838623047, 0.1894986629486084)
(10, 9, 0.8, 1, 0.007048368453979492, 0.010550498962402344)
(10, 9, 0.8, 1, 0.0070226192474365234, 0.00901651382446289)
(10, 9, 0.8, 1, 0.007517576217651367, 0.0105438232421875)
(10, 9, 0.8, 1, 0.007641792297363281, 0.007508993148803711)
(10, 9, 0.8, 1, 0.00802922248840332, 0.007852554321289062)
(10, 9, 0.8, 1, 0.008022308349609375, 0.008591175079345703)
(10, 9, 0.8, 1, 0.025627851486206055, 0.01107931137084961)
(10, 9, 0.8, 1, 0.006514787673950195, 0.010076761245727539)
(10, 9, 0.8, 1, 0.0065059661865234375, 0.009025335311889648)
(10, 9, 0.8, 1, 0.0067174434661865234, 0.007013559341430664)
(10, 9, 0.8, 5, 0.04907059669494629, 0.06871461868286133)
(10, 9, 0.8, 5, 0.08518552780151367, 0.06766653060913086)
(10, 9, 0.8, 5, 0.04713296890258789, 0.17396116256713867)
(10, 9, 0.8, 5, 0.04800748825073242, 0.16859841346740723)
(10, 9, 0.8, 5, 0.04738020896911621, 0.08882260322570801)
(10, 9, 0.8, 5, 0.04853248596191406, 0.06773614883422852)
(10, 9, 0.8, 5, 0.08285188674926758, 0.09571433067321777)
(10, 9, 0.8, 5, 0.04922986030578613, 0.1724703311920166)
(10, 9, 0.8, 5, 0.05184507369995117, 0.04987692832946777)
(10, 9, 0.8, 5, 0.04700970649719238, 0.06493186950683594)
(10, 9, 0.8, 10, 0.07824420928955078, 0.11679768562316895)
(10, 9, 0.8, 10, 0.07997465133666992, 0.07819938659667969)
(10, 9, 0.8, 10, 0.08090782165527344, 0.07916569709777832)
(10, 9, 0.8, 10, 0.07579302787780762, 0.11518049240112305)
(10, 9, 0.8, 10, 0.07895088195800781, 0.07825756072998047)
(10, 9, 0.8, 10, 0.08180522918701172, 0.07870101928710938)
(10, 9, 0.8, 10, 0.07707643508911133, 0.07795929908752441)
(10, 9, 0.8, 10, 0.07724452018737793, 0.07825040817260742)
(10, 9, 0.8, 10, 0.08048343658447266, 0.07504701614379883)
(10, 9, 0.8, 10, 0.07878923416137695, 0.07888078689575195)
(10, 9, 1, 1, 0.007543087005615234, 0.00886845588684082)
(10, 9, 1, 1, 0.008027315139770508, 0.009534835815429688)
(10, 9, 1, 1, 0.006656646728515625, 0.008015155792236328)
(10, 9, 1, 1, 0.0065386295318603516, 0.009025096893310547)
(10, 9, 1, 1, 0.007015705108642578, 0.008023738861083984)
(10, 9, 1, 1, 0.007519721984863281, 0.008534431457519531)
(10, 9, 1, 1, 0.0065119266510009766, 0.010566473007202148)
(10, 9, 1, 1, 0.007021188735961914, 0.009533882141113281)
(10, 9, 1, 1, 0.007570505142211914, 0.008020639419555664)
(10, 9, 1, 1, 0.006815195083618164, 0.00860595703125)
(10, 9, 1, 5, 0.06086611747741699, 0.18435263633728027)
(10, 9, 1, 5, 0.059638023376464844, 0.08774948120117188)
(10, 9, 1, 5, 0.06062173843383789, 0.21836352348327637)
(10, 9, 1, 5, 0.05786561965942383, 0.19066691398620605)
(10, 9, 1, 5, 0.05877685546875, 0.17586874961853027)
(10, 9, 1, 5, 0.059592247009277344, 0.18233752250671387)
(10, 9, 1, 5, 0.06181621551513672, 0.1879730224609375)
(10, 9, 1, 5, 0.06024646759033203, 0.18840312957763672)
(10, 9, 1, 5, 0.059149742126464844, 0.18393516540527344)
(10, 9, 1, 5, 0.06179404258728027, 0.17892813682556152)
(10, 9, 1, 10, 0.10801410675048828, 0.13314008712768555)
(10, 9, 1, 10, 0.09578275680541992, 0.0993356704711914)
(10, 9, 1, 10, 0.09786176681518555, 0.10018563270568848)
(10, 9, 1, 10, 0.13411974906921387, 0.09923768043518066)
(10, 9, 1, 10, 0.09709000587463379, 0.10143232345581055)
(10, 9, 1, 10, 0.09731221199035645, 0.13015389442443848)
(10, 9, 1, 10, 0.09533572196960449, 0.09639835357666016)
(10, 9, 1, 10, 0.09803533554077148, 0.0958261489868164)
(10, 9, 1, 10, 0.13387489318847656, 0.09775257110595703)
(10, 9, 1, 10, 0.09441256523132324, 0.09499692916870117)
(20, 3, 0.6, 1, 0.020058155059814453, 0.022294282913208008)
(20, 3, 0.6, 1, 0.0250244140625, 0.017490863800048828)
(20, 3, 0.6, 1, 0.02126145362854004, 0.019743680953979492)
(20, 3, 0.6, 1, 0.02225518226623535, 0.018998384475708008)
(20, 3, 0.6, 1, 0.07687139511108398, 0.022049665451049805)
(20, 3, 0.6, 1, 0.019748687744140625, 0.019263505935668945)
(20, 3, 0.6, 1, 0.01804184913635254, 0.020672082901000977)
(20, 3, 0.6, 1, 0.021566390991210938, 0.019169092178344727)
(20, 3, 0.6, 1, 0.018074989318847656, 0.02004837989807129)
(20, 3, 0.6, 1, 0.016457080841064453, 0.017548084259033203)
(20, 3, 0.6, 5, 0.03696608543395996, 0.03862333297729492)
(20, 3, 0.6, 5, 0.04050016403198242, 0.04064655303955078)
(20, 3, 0.6, 5, 0.040560245513916016, 0.0375981330871582)
(20, 3, 0.6, 5, 0.03973126411437988, 0.06901741027832031)
(20, 3, 0.6, 5, 0.0379338264465332, 0.040639400482177734)
(20, 3, 0.6, 5, 0.0356898307800293, 0.041135549545288086)
(20, 3, 0.6, 5, 0.037647247314453125, 0.036657094955444336)
(20, 3, 0.6, 5, 0.03990530967712402, 0.0362849235534668)
(20, 3, 0.6, 5, 0.03921842575073242, 0.03863334655761719)
(20, 3, 0.6, 5, 0.03834366798400879, 0.06975269317626953)
(20, 3, 0.6, 10, 0.04563546180725098, 0.04310274124145508)
(20, 3, 0.6, 10, 0.04214668273925781, 0.04312276840209961)
(20, 3, 0.6, 10, 0.044003963470458984, 0.04259085655212402)
(20, 3, 0.6, 10, 0.045310020446777344, 0.04223895072937012)
(20, 3, 0.6, 10, 0.045236825942993164, 0.04341721534729004)
(20, 3, 0.6, 10, 0.07878232002258301, 0.04566311836242676)
(20, 3, 0.6, 10, 0.04413127899169922, 0.04410362243652344)
(20, 3, 0.6, 10, 0.04438972473144531, 0.046137332916259766)
(20, 3, 0.6, 10, 0.04346799850463867, 0.04585528373718262)
(20, 3, 0.6, 10, 0.04414844512939453, 0.04119467735290527)
(20, 3, 0.8, 1, 0.021593093872070312, 0.023560285568237305)
(20, 3, 0.8, 1, 0.01968240737915039, 0.02207493782043457)
(20, 3, 0.8, 1, 0.019863605499267578, 0.02329421043395996)
(20, 3, 0.8, 1, 0.019106626510620117, 0.02207469940185547)
(20, 3, 0.8, 1, 0.021143674850463867, 0.022556781768798828)
(20, 3, 0.8, 1, 0.022659778594970703, 0.021091461181640625)
(20, 3, 0.8, 1, 0.02255702018737793, 0.023591995239257812)
(20, 3, 0.8, 1, 0.018671274185180664, 0.022063255310058594)
(20, 3, 0.8, 1, 0.020580768585205078, 0.021555423736572266)
(20, 3, 0.8, 1, 0.02013540267944336, 0.023073911666870117)
(20, 3, 0.8, 5, 0.048761606216430664, 0.05330610275268555)
(20, 3, 0.8, 5, 0.04897260665893555, 0.07987332344055176)
(20, 3, 0.8, 5, 0.05346179008483887, 0.05333995819091797)
(20, 3, 0.8, 5, 0.052666664123535156, 0.04937100410461426)
(20, 3, 0.8, 5, 0.06104421615600586, 0.0806276798248291)
(20, 3, 0.8, 5, 0.05524778366088867, 0.05078291893005371)
(20, 3, 0.8, 5, 0.08084321022033691, 0.04820370674133301)
(20, 3, 0.8, 5, 0.04870104789733887, 0.04906892776489258)
(20, 3, 0.8, 5, 0.05063962936401367, 0.048696041107177734)
(20, 3, 0.8, 5, 0.053211212158203125, 0.04840707778930664)
(20, 3, 0.8, 10, 0.05553150177001953, 0.09274911880493164)
(20, 3, 0.8, 10, 0.05617499351501465, 0.05458974838256836)
(20, 3, 0.8, 10, 0.056186676025390625, 0.05487990379333496)
(20, 3, 0.8, 10, 0.06744909286499023, 0.05399680137634277)
(20, 3, 0.8, 10, 0.05422711372375488, 0.05463981628417969)
(20, 3, 0.8, 10, 0.09496307373046875, 0.05262923240661621)
(20, 3, 0.8, 10, 0.05631709098815918, 0.0567173957824707)
(20, 3, 0.8, 10, 0.0573115348815918, 0.05242204666137695)
(20, 3, 0.8, 10, 0.05531620979309082, 0.05528068542480469)
(20, 3, 0.8, 10, 0.12204623222351074, 0.05464339256286621)
(20, 3, 1, 1, 0.02441120147705078, 0.025069236755371094)
(20, 3, 1, 1, 0.023554086685180664, 0.025072097778320312)
(20, 3, 1, 1, 0.02260446548461914, 0.02711033821105957)
(20, 3, 1, 1, 0.025051593780517578, 0.025247573852539062)
(20, 3, 1, 1, 0.025667428970336914, 0.024572372436523438)
(20, 3, 1, 1, 0.023563146591186523, 0.02610611915588379)
(20, 3, 1, 1, 0.024069547653198242, 0.025097131729125977)
(20, 3, 1, 1, 0.026076555252075195, 0.024074554443359375)
(20, 3, 1, 1, 0.02707076072692871, 0.024564504623413086)
(20, 3, 1, 1, 0.024585247039794922, 0.024555444717407227)
(20, 3, 1, 5, 0.05998516082763672, 0.05893421173095703)
(20, 3, 1, 5, 0.06092071533203125, 0.05613517761230469)
(20, 3, 1, 5, 0.0583803653717041, 0.05912137031555176)
(20, 3, 1, 5, 0.09827566146850586, 0.05984830856323242)
(20, 3, 1, 5, 0.06120181083679199, 0.06814908981323242)
(20, 3, 1, 5, 0.06972622871398926, 0.06569361686706543)
(20, 3, 1, 5, 0.05812883377075195, 0.05893278121948242)
(20, 3, 1, 5, 0.09768152236938477, 0.06130719184875488)
(20, 3, 1, 5, 0.05763888359069824, 0.05718207359313965)
(20, 3, 1, 5, 0.05770277976989746, 0.05668830871582031)
(20, 3, 1, 10, 0.06333136558532715, 0.09965133666992188)
(20, 3, 1, 10, 0.06510591506958008, 0.0677182674407959)
(20, 3, 1, 10, 0.0931246280670166, 0.09007906913757324)
(20, 3, 1, 10, 0.0687413215637207, 0.0632169246673584)
(20, 3, 1, 10, 0.10352754592895508, 0.0678098201751709)
(20, 3, 1, 10, 0.06669735908508301, 0.06466507911682129)
(20, 3, 1, 10, 0.06400585174560547, 0.06515049934387207)
(20, 3, 1, 10, 0.06619501113891602, 0.09986472129821777)
(20, 3, 1, 10, 0.06441497802734375, 0.0655066967010498)
(20, 3, 1, 10, 0.06447815895080566, 0.06425213813781738)
(20, 5, 0.6, 1, 0.017541885375976562, 0.018423795700073242)
(20, 5, 0.6, 1, 0.02020716667175293, 0.0179593563079834)
(20, 5, 0.6, 1, 0.018315553665161133, 0.01670241355895996)
(20, 5, 0.6, 1, 0.015195846557617188, 0.019730567932128906)
(20, 5, 0.6, 1, 0.014549970626831055, 0.018570423126220703)
(20, 5, 0.6, 1, 0.05840039253234863, 0.017550230026245117)
(20, 5, 0.6, 1, 0.013535261154174805, 0.020137548446655273)
(20, 5, 0.6, 1, 0.015074729919433594, 0.01753401756286621)
(20, 5, 0.6, 1, 0.016054391860961914, 0.017048120498657227)
(20, 5, 0.6, 1, 0.01645064353942871, 0.01813054084777832)
(20, 5, 0.6, 5, 0.08488798141479492, 0.07925772666931152)
(20, 5, 0.6, 5, 0.08172965049743652, 0.08031153678894043)
(20, 5, 0.6, 5, 0.11300444602966309, 0.07875800132751465)
(20, 5, 0.6, 5, 0.07882308959960938, 0.08242440223693848)
(20, 5, 0.6, 5, 0.0991365909576416, 0.08539271354675293)
(20, 5, 0.6, 5, 0.11984443664550781, 0.07755804061889648)
(20, 5, 0.6, 5, 0.07894492149353027, 0.08044242858886719)
(20, 5, 0.6, 5, 0.07942509651184082, 0.07984399795532227)
(20, 5, 0.6, 5, 0.07911992073059082, 0.07871031761169434)
(20, 5, 0.6, 5, 0.07934403419494629, 0.08234000205993652)
(20, 5, 0.6, 10, 0.11131525039672852, 0.09578299522399902)
(20, 5, 0.6, 10, 0.12889695167541504, 0.09313440322875977)
(20, 5, 0.6, 10, 0.09568452835083008, 0.09912776947021484)
(20, 5, 0.6, 10, 0.10192584991455078, 0.1348118782043457)
(20, 5, 0.6, 10, 0.12767958641052246, 0.10976171493530273)
(20, 5, 0.6, 10, 0.10535860061645508, 0.1025991439819336)
(20, 5, 0.6, 10, 0.1444401741027832, 0.1039893627166748)
(20, 5, 0.6, 10, 0.10094022750854492, 0.10493350028991699)
(20, 5, 0.6, 10, 0.10144782066345215, 0.13486075401306152)
(20, 5, 0.6, 10, 0.09727787971496582, 0.09848237037658691)
(20, 5, 0.8, 1, 0.018594026565551758, 0.021556854248046875)
(20, 5, 0.8, 1, 0.016170024871826172, 0.018560409545898438)
(20, 5, 0.8, 1, 0.01806187629699707, 0.020569562911987305)
(20, 5, 0.8, 1, 0.020287275314331055, 0.021591901779174805)
(20, 5, 0.8, 1, 0.019556045532226562, 0.037125587463378906)
(20, 5, 0.8, 1, 0.016637563705444336, 0.05565023422241211)
(20, 5, 0.8, 1, 0.018057823181152344, 0.02156805992126465)
(20, 5, 0.8, 1, 0.018114089965820312, 0.020600318908691406)
(20, 5, 0.8, 1, 0.0185546875, 0.020416259765625)
(20, 5, 0.8, 1, 0.020047903060913086, 0.019556045532226562)
(20, 5, 0.8, 5, 0.09885764122009277, 0.10034322738647461)
(20, 5, 0.8, 5, 0.0972895622253418, 0.13639616966247559)
(20, 5, 0.8, 5, 0.09861040115356445, 0.1004478931427002)
(20, 5, 0.8, 5, 0.09598422050476074, 0.09675192832946777)
(20, 5, 0.8, 5, 0.14423060417175293, 0.1171424388885498)
(20, 5, 0.8, 5, 0.10399174690246582, 0.1061248779296875)
(20, 5, 0.8, 5, 0.09753108024597168, 0.13322663307189941)
(20, 5, 0.8, 5, 0.10413503646850586, 0.09986329078674316)
(20, 5, 0.8, 5, 0.09964895248413086, 0.13535618782043457)
(20, 5, 0.8, 5, 0.10608172416687012, 0.10639309883117676)
(20, 5, 0.8, 10, 0.1392679214477539, 0.13312697410583496)
(20, 5, 0.8, 10, 0.17890214920043945, 0.13651609420776367)
(20, 5, 0.8, 10, 0.14423441886901855, 0.17125630378723145)
(20, 5, 0.8, 10, 0.13749170303344727, 0.13582444190979004)
(20, 5, 0.8, 10, 0.1362473964691162, 0.18491148948669434)
(20, 5, 0.8, 10, 0.14682221412658691, 0.13337922096252441)
(20, 5, 0.8, 10, 0.13927888870239258, 0.1823563575744629)
(20, 5, 0.8, 10, 0.14009523391723633, 0.1439955234527588)
(20, 5, 0.8, 10, 0.1919078826904297, 0.17177176475524902)
(20, 5, 0.8, 10, 0.13242387771606445, 0.13541221618652344)
(20, 5, 1, 1, 0.024201154708862305, 0.051316022872924805)
(20, 5, 1, 1, 0.01955699920654297, 0.0456395149230957)
(20, 5, 1, 1, 0.018691062927246094, 0.0677793025970459)
(20, 5, 1, 1, 0.01977682113647461, 0.026820659637451172)
(20, 5, 1, 1, 0.022546052932739258, 0.041574716567993164)
(20, 5, 1, 1, 0.018219470977783203, 0.024459362030029297)
(20, 5, 1, 1, 0.02006387710571289, 0.02509021759033203)
(20, 5, 1, 1, 0.020255565643310547, 0.024602651596069336)
(20, 5, 1, 1, 0.024860620498657227, 0.025521278381347656)
(20, 5, 1, 1, 0.026369810104370117, 0.03739309310913086)
(20, 5, 1, 5, 0.13167548179626465, 0.16384506225585938)
(20, 5, 1, 5, 0.12628483772277832, 0.1312568187713623)
(20, 5, 1, 5, 0.1225888729095459, 0.16324806213378906)
(20, 5, 1, 5, 0.12213253974914551, 0.12312483787536621)
(20, 5, 1, 5, 0.12235713005065918, 0.16637849807739258)
(20, 5, 1, 5, 0.12638258934020996, 0.12360024452209473)
(20, 5, 1, 5, 0.1282029151916504, 0.16559791564941406)
(20, 5, 1, 5, 0.12378954887390137, 0.13017773628234863)
(20, 5, 1, 5, 0.12279438972473145, 0.1681222915649414)
(20, 5, 1, 5, 0.12380027770996094, 0.11887216567993164)
(20, 5, 1, 10, 0.22013092041015625, 0.18752479553222656)
(20, 5, 1, 10, 0.18667316436767578, 0.1836988925933838)
(20, 5, 1, 10, 0.1811366081237793, 0.17828035354614258)
(20, 5, 1, 10, 0.18388891220092773, 0.23450446128845215)
(20, 5, 1, 10, 0.19831418991088867, 0.19442224502563477)
(20, 5, 1, 10, 0.22788596153259277, 0.18835163116455078)
(20, 5, 1, 10, 0.1843552589416504, 0.2353529930114746)
(20, 5, 1, 10, 0.18612384796142578, 0.18494224548339844)
(20, 5, 1, 10, 0.23139119148254395, 0.20257234573364258)
(20, 5, 1, 10, 0.18886399269104004, 0.22397303581237793)
(20, 7, 0.6, 1, 0.014074325561523438, 0.016277551651000977)
(20, 7, 0.6, 1, 0.01311802864074707, 0.018065214157104492)
(20, 7, 0.6, 1, 0.014058351516723633, 0.017039775848388672)
(20, 7, 0.6, 1, 0.013129234313964844, 0.017960548400878906)
(20, 7, 0.6, 1, 0.011645793914794922, 0.01503753662109375)
(20, 7, 0.6, 1, 0.013120889663696289, 0.017110824584960938)
(20, 7, 0.6, 1, 0.011057615280151367, 0.04369974136352539)
(20, 7, 0.6, 1, 0.016072988510131836, 0.018122434616088867)
(20, 7, 0.6, 1, 0.012553930282592773, 0.016672372817993164)
(20, 7, 0.6, 1, 0.01453399658203125, 0.017624378204345703)
(20, 7, 0.6, 5, 0.11594772338867188, 0.15404462814331055)
(20, 7, 0.6, 5, 0.11578822135925293, 0.1147611141204834)
(20, 7, 0.6, 5, 0.1140599250793457, 0.16022133827209473)
(20, 7, 0.6, 5, 0.11312723159790039, 0.12038278579711914)
(20, 7, 0.6, 5, 0.11734414100646973, 0.15760183334350586)
(20, 7, 0.6, 5, 0.12626409530639648, 0.11385011672973633)
(20, 7, 0.6, 5, 0.11257386207580566, 0.11395382881164551)
(20, 7, 0.6, 5, 0.156494140625, 0.11938714981079102)
(20, 7, 0.6, 5, 0.12009763717651367, 0.12320470809936523)
(20, 7, 0.6, 5, 0.16036558151245117, 0.11888480186462402)
(20, 7, 0.6, 10, 0.17322206497192383, 0.17766332626342773)
(20, 7, 0.6, 10, 0.1909337043762207, 0.17563295364379883)
(20, 7, 0.6, 10, 0.24228477478027344, 0.23478221893310547)
(20, 7, 0.6, 10, 0.18721890449523926, 0.21178293228149414)
(20, 7, 0.6, 10, 0.1768934726715088, 0.1706383228302002)
(20, 7, 0.6, 10, 0.2155928611755371, 0.16755962371826172)
(20, 7, 0.6, 10, 0.16553401947021484, 0.20931291580200195)
(20, 7, 0.6, 10, 0.16538000106811523, 0.17113232612609863)
(20, 7, 0.6, 10, 0.21230554580688477, 0.16314172744750977)
(20, 7, 0.6, 10, 0.17302155494689941, 0.21838593482971191)
(20, 7, 0.8, 1, 0.01470327377319336, 0.01911449432373047)
(20, 7, 0.8, 1, 0.01619267463684082, 0.03216147422790527)
(20, 7, 0.8, 1, 0.02257680892944336, 0.024606704711914062)
(20, 7, 0.8, 1, 0.01605820655822754, 0.02615809440612793)
(20, 7, 0.8, 1, 0.01405024528503418, 0.019054412841796875)
(20, 7, 0.8, 1, 0.015577077865600586, 0.016046762466430664)
(20, 7, 0.8, 1, 0.01206350326538086, 0.017052173614501953)
(20, 7, 0.8, 1, 0.013648033142089844, 0.01797628402709961)
(20, 7, 0.8, 1, 0.01402425765991211, 0.018049955368041992)
(20, 7, 0.8, 1, 0.014075756072998047, 0.017838716506958008)
(20, 7, 0.8, 5, 0.15288615226745605, 0.18526887893676758)
(20, 7, 0.8, 5, 0.14647865295410156, 0.1499037742614746)
(20, 7, 0.8, 5, 0.18732094764709473, 0.14999127388000488)
(20, 7, 0.8, 5, 0.15181374549865723, 0.14933991432189941)
(20, 7, 0.8, 5, 0.1477673053741455, 0.15288352966308594)
(20, 7, 0.8, 5, 0.14502859115600586, 0.1864316463470459)
(20, 7, 0.8, 5, 0.14780950546264648, 0.15021324157714844)
(20, 7, 0.8, 5, 0.1896655559539795, 0.1463019847869873)
(20, 7, 0.8, 5, 0.14609432220458984, 0.14769577980041504)
(20, 7, 0.8, 5, 0.19422388076782227, 0.1515061855316162)
(20, 7, 0.8, 10, 0.26224589347839355, 0.22023367881774902)
(20, 7, 0.8, 10, 0.22755193710327148, 0.28284621238708496)
(20, 7, 0.8, 10, 0.22463011741638184, 0.27201223373413086)
(20, 7, 0.8, 10, 0.2229001522064209, 0.27898526191711426)
(20, 7, 0.8, 10, 0.22519254684448242, 0.26374077796936035)
(20, 7, 0.8, 10, 0.24693727493286133, 0.22930145263671875)
(20, 7, 0.8, 10, 0.26447439193725586, 0.22350239753723145)
(20, 7, 0.8, 10, 0.26557040214538574, 0.2214975357055664)
(20, 7, 0.8, 10, 0.2748284339904785, 0.2286074161529541)
(20, 7, 0.8, 10, 0.21596980094909668, 0.2737853527069092)
(20, 7, 1, 1, 0.01714324951171875, 0.02171778678894043)
(20, 7, 1, 1, 0.014062881469726562, 0.02234792709350586)
(20, 7, 1, 1, 0.01505422592163086, 0.019627809524536133)
(20, 7, 1, 1, 0.01553797721862793, 0.019585847854614258)
(20, 7, 1, 1, 0.014160633087158203, 0.01806807518005371)
(20, 7, 1, 1, 0.014557838439941406, 0.018045902252197266)
(20, 7, 1, 1, 0.014638185501098633, 0.017612457275390625)
(20, 7, 1, 1, 0.013564348220825195, 0.02020263671875)
(20, 7, 1, 1, 0.014077901840209961, 0.018543481826782227)
(20, 7, 1, 1, 0.05015254020690918, 0.01875591278076172)
(20, 7, 1, 5, 0.1858210563659668, 0.1844625473022461)
(20, 7, 1, 5, 0.2222728729248047, 0.18548226356506348)
(20, 7, 1, 5, 0.19101595878601074, 0.2784414291381836)
(20, 7, 1, 5, 0.18507075309753418, 0.18655681610107422)
(20, 7, 1, 5, 0.2215731143951416, 0.18822002410888672)
(20, 7, 1, 5, 0.21177220344543457, 0.1866929531097412)
(20, 7, 1, 5, 0.18390727043151855, 0.23196649551391602)
(20, 7, 1, 5, 0.19837212562561035, 0.18641233444213867)
(20, 7, 1, 5, 0.22594904899597168, 0.18368768692016602)
(20, 7, 1, 5, 0.21995162963867188, 0.18695974349975586)
(20, 7, 1, 10, 0.31444621086120605, 0.3685309886932373)
(20, 7, 1, 10, 0.336930513381958, 0.2995295524597168)
(20, 7, 1, 10, 0.3479487895965576, 0.3203701972961426)
(20, 7, 1, 10, 0.3592355251312256, 0.3182792663574219)
(20, 7, 1, 10, 0.3461754322052002, 0.30752992630004883)
(20, 7, 1, 10, 0.3605477809906006, 0.31607842445373535)
(20, 7, 1, 10, 0.3465089797973633, 0.3427615165710449)
(20, 7, 1, 10, 0.29560327529907227, 0.3387570381164551)
(20, 7, 1, 10, 0.3061208724975586, 0.35552525520324707)
(20, 7, 1, 10, 0.30649280548095703, 0.3489968776702881)
(20, 9, 0.6, 1, 0.012024879455566406, 0.04473280906677246)
(20, 9, 0.6, 1, 0.020322084426879883, 0.027137279510498047)
(20, 9, 0.6, 1, 0.017238616943359375, 0.021582841873168945)
(20, 9, 0.6, 1, 0.012533426284790039, 0.020087003707885742)
(20, 9, 0.6, 1, 0.012551307678222656, 0.01811528205871582)
(20, 9, 0.6, 1, 0.01268625259399414, 0.02001333236694336)
(20, 9, 0.6, 1, 0.012578725814819336, 0.015236377716064453)
(20, 9, 0.6, 1, 0.012542486190795898, 0.019213199615478516)
(20, 9, 0.6, 1, 0.014640331268310547, 0.016555070877075195)
(20, 9, 0.6, 1, 0.012578964233398438, 0.01762104034423828)
(20, 9, 0.6, 5, 0.1845414638519287, 0.614253044128418)
(20, 9, 0.6, 5, 0.16060113906860352, 0.15893244743347168)
(20, 9, 0.6, 5, 0.18323731422424316, 0.6587717533111572)
(20, 9, 0.6, 5, 0.15077972412109375, 0.5969541072845459)
(20, 9, 0.6, 5, 1.2381312847137451, 0.9873702526092529)
(20, 9, 0.6, 5, 0.15453577041625977, 0.7936880588531494)
(20, 9, 0.6, 5, 0.15708065032958984, 1.1406521797180176)
(20, 9, 0.6, 5, 0.18369293212890625, 0.4803426265716553)
(20, 9, 0.6, 5, 0.14626836776733398, 0.7273106575012207)
(20, 9, 0.6, 5, 0.2094419002532959, 0.16315793991088867)
(20, 9, 0.6, 10, 0.2411952018737793, 0.2879180908203125)
(20, 9, 0.6, 10, 0.24302363395690918, 0.2800405025482178)
(20, 9, 0.6, 10, 0.24105262756347656, 0.2854597568511963)
(20, 9, 0.6, 10, 0.23814105987548828, 0.2819478511810303)
(20, 9, 0.6, 10, 0.25438880920410156, 0.28218793869018555)
(20, 9, 0.6, 10, 0.23396635055541992, 0.293353796005249)
(20, 9, 0.6, 10, 0.23658132553100586, 0.28720903396606445)
(20, 9, 0.6, 10, 0.240997314453125, 0.2913551330566406)
(20, 9, 0.6, 10, 0.30054426193237305, 0.2843751907348633)
(20, 9, 0.6, 10, 0.23377513885498047, 0.24019670486450195)
(20, 9, 0.8, 1, 0.014329195022583008, 0.01574850082397461)
(20, 9, 0.8, 1, 0.012542009353637695, 0.01538228988647461)
(20, 9, 0.8, 1, 0.014057636260986328, 0.01801443099975586)
(20, 9, 0.8, 1, 0.012533187866210938, 0.020424604415893555)
(20, 9, 0.8, 1, 0.012537240982055664, 0.018411636352539062)
(20, 9, 0.8, 1, 0.013072490692138672, 0.018547773361206055)
(20, 9, 0.8, 1, 0.012536287307739258, 0.016536235809326172)
(20, 9, 0.8, 1, 0.012086868286132812, 0.017047643661499023)
(20, 9, 0.8, 1, 0.011687755584716797, 0.017042160034179688)
(20, 9, 0.8, 1, 0.013030767440795898, 0.020191192626953125)
(20, 9, 0.8, 5, 0.18851613998413086, 0.22715282440185547)
(20, 9, 0.8, 5, 0.18746471405029297, 0.19377875328063965)
(20, 9, 0.8, 5, 0.2309250831604004, 0.18604087829589844)
(20, 9, 0.8, 5, 0.22698616981506348, 0.19127607345581055)
(20, 9, 0.8, 5, 0.20412659645080566, 0.2387545108795166)
(20, 9, 0.8, 5, 0.18723368644714355, 0.1940748691558838)
(20, 9, 0.8, 5, 0.23306608200073242, 0.19506025314331055)
(20, 9, 0.8, 5, 0.1904306411743164, 0.23282456398010254)
(20, 9, 0.8, 5, 0.18599629402160645, 0.22806715965270996)
(20, 9, 0.8, 5, 0.18318819999694824, 0.1895596981048584)
(20, 9, 0.8, 10, 0.361067533493042, 0.35199689865112305)
(20, 9, 0.8, 10, 0.32468295097351074, 0.36981916427612305)
(20, 9, 0.8, 10, 0.31251049041748047, 0.36751437187194824)
(20, 9, 0.8, 10, 0.4364032745361328, 0.32691526412963867)
(20, 9, 0.8, 10, 0.37958264350891113, 0.35681772232055664)
(20, 9, 0.8, 10, 0.3159029483795166, 0.3740973472595215)
(20, 9, 0.8, 10, 0.314777135848999, 0.31880617141723633)
(20, 9, 0.8, 10, 0.3639554977416992, 0.373244047164917)
(20, 9, 0.8, 10, 0.36242008209228516, 0.3551661968231201)
(20, 9, 0.8, 10, 0.31880974769592285, 0.3615894317626953)
(20, 9, 1, 1, 0.013177633285522461, 0.019713163375854492)
(20, 9, 1, 1, 0.01506185531616211, 0.018593788146972656)
(20, 9, 1, 1, 0.013027667999267578, 0.021574020385742188)
(20, 9, 1, 1, 0.012691497802734375, 0.019562721252441406)
(20, 9, 1, 1, 0.012535572052001953, 0.021119356155395508)
(20, 9, 1, 1, 0.013761758804321289, 0.01956009864807129)
(20, 9, 1, 1, 0.012638092041015625, 0.023603200912475586)
(20, 9, 1, 1, 0.01417231559753418, 0.017792940139770508)
(20, 9, 1, 1, 0.012061119079589844, 0.03927946090698242)
(20, 9, 1, 1, 0.014555215835571289, 0.021910905838012695)
(20, 9, 1, 5, 0.2773599624633789, 0.22803902626037598)
(20, 9, 1, 5, 0.2738685607910156, 0.23076319694519043)
(20, 9, 1, 5, 0.2685215473175049, 0.22434735298156738)
(20, 9, 1, 5, 0.2846860885620117, 0.24869728088378906)
(20, 9, 1, 5, 0.2376389503479004, 0.2923717498779297)
(20, 9, 1, 5, 0.23130583763122559, 0.26996445655822754)
(20, 9, 1, 5, 0.23026585578918457, 0.27440309524536133)
(20, 9, 1, 5, 0.2289443016052246, 0.2720780372619629)
(20, 9, 1, 5, 0.23201298713684082, 0.27551746368408203)
(20, 9, 1, 5, 0.22676873207092285, 0.27353477478027344)
(20, 9, 1, 10, 0.4237391948699951, 0.47985100746154785)
(20, 9, 1, 10, 0.4731571674346924, 0.4759366512298584)
(20, 9, 1, 10, 0.4259181022644043, 0.49031805992126465)
(20, 9, 1, 10, 0.4747774600982666, 0.4966728687286377)
(20, 9, 1, 10, 0.4895768165588379, 0.4454035758972168)
(20, 9, 1, 10, 0.4730353355407715, 0.47582125663757324)
(20, 9, 1, 10, 0.4629349708557129, 0.42944788932800293)
(20, 9, 1, 10, 0.4651486873626709, 0.5074882507324219)
(20, 9, 1, 10, 0.46895813941955566, 0.45641636848449707)
(20, 9, 1, 10, 0.4276430606842041, 0.48308777809143066)
(30, 3, 0.6, 1, 0.03357410430908203, 0.03421449661254883)
(30, 3, 0.6, 1, 0.0316767692565918, 0.032706260681152344)
(30, 3, 0.6, 1, 0.07208442687988281, 0.03408050537109375)
(30, 3, 0.6, 1, 0.03225588798522949, 0.03533434867858887)
(30, 3, 0.6, 1, 0.03741288185119629, 0.03799867630004883)
(30, 3, 0.6, 1, 0.033117055892944336, 0.03463864326477051)
(30, 3, 0.6, 1, 0.034810781478881836, 0.035192012786865234)
(30, 3, 0.6, 1, 0.034156084060668945, 0.03520631790161133)
(30, 3, 0.6, 1, 0.03634977340698242, 0.034096479415893555)
(30, 3, 0.6, 1, 0.0339963436126709, 0.06461501121520996)
(30, 3, 0.6, 5, 0.08037304878234863, 0.08131170272827148)
(30, 3, 0.6, 5, 0.0821995735168457, 0.08140182495117188)
(30, 3, 0.6, 5, 0.0847940444946289, 0.12253451347351074)
(30, 3, 0.6, 5, 0.08014965057373047, 0.07921338081359863)
(30, 3, 0.6, 5, 0.08228468894958496, 0.07982301712036133)
(30, 3, 0.6, 5, 0.08305692672729492, 0.12092900276184082)
(30, 3, 0.6, 5, 0.08295226097106934, 0.08228659629821777)
(30, 3, 0.6, 5, 0.08168435096740723, 0.0808112621307373)
(30, 3, 0.6, 5, 0.08633065223693848, 0.12064456939697266)
(30, 3, 0.6, 5, 0.08747649192810059, 0.08047127723693848)
(30, 3, 0.6, 10, 0.09418177604675293, 0.09122061729431152)
(30, 3, 0.6, 10, 0.13354969024658203, 0.09145617485046387)
(30, 3, 0.6, 10, 0.09661507606506348, 0.09149479866027832)
(30, 3, 0.6, 10, 0.0911262035369873, 0.13169479370117188)
(30, 3, 0.6, 10, 0.09311652183532715, 0.09346938133239746)
(30, 3, 0.6, 10, 0.1618647575378418, 0.10038399696350098)
(30, 3, 0.6, 10, 0.1659986972808838, 0.10004544258117676)
(30, 3, 0.6, 10, 0.09658956527709961, 0.0928492546081543)
(30, 3, 0.6, 10, 0.09171891212463379, 0.09261941909790039)
(30, 3, 0.6, 10, 0.14617490768432617, 0.09340190887451172)
(30, 3, 0.8, 1, 0.040715932846069336, 0.04128098487854004)
(30, 3, 0.8, 1, 0.04012107849121094, 0.03658866882324219)
(30, 3, 0.8, 1, 0.0417935848236084, 0.04111337661743164)
(30, 3, 0.8, 1, 0.041724443435668945, 0.07551074028015137)
(30, 3, 0.8, 1, 0.040265798568725586, 0.03875613212585449)
(30, 3, 0.8, 1, 0.041292428970336914, 0.041281700134277344)
(30, 3, 0.8, 1, 0.04013347625732422, 0.04017448425292969)
(30, 3, 0.8, 1, 0.05922985076904297, 0.04239487648010254)
(30, 3, 0.8, 1, 0.04011821746826172, 0.042278289794921875)
(30, 3, 0.8, 1, 0.04114556312561035, 0.040152788162231445)
(30, 3, 0.8, 5, 0.11082601547241211, 0.10633444786071777)
(30, 3, 0.8, 5, 0.1115412712097168, 0.10897541046142578)
(30, 3, 0.8, 5, 0.15126514434814453, 0.10997486114501953)
(30, 3, 0.8, 5, 0.10800981521606445, 0.10577678680419922)
(30, 3, 0.8, 5, 0.14899420738220215, 0.10432577133178711)
(30, 3, 0.8, 5, 0.11283087730407715, 0.1091620922088623)
(30, 3, 0.8, 5, 0.11028432846069336, 0.14784932136535645)
(30, 3, 0.8, 5, 0.10730910301208496, 0.1170196533203125)
(30, 3, 0.8, 5, 0.11199831962585449, 0.14754819869995117)
(30, 3, 0.8, 5, 0.1014399528503418, 0.10732841491699219)
(30, 3, 0.8, 10, 0.11803579330444336, 0.15209054946899414)
(30, 3, 0.8, 10, 0.11709332466125488, 0.11647677421569824)
(30, 3, 0.8, 10, 0.11652183532714844, 0.1669020652770996)
(30, 3, 0.8, 10, 0.11818504333496094, 0.1128549575805664)
(30, 3, 0.8, 10, 0.11429214477539062, 0.1543407440185547)
(30, 3, 0.8, 10, 0.11594724655151367, 0.11285734176635742)
(30, 3, 0.8, 10, 0.11239242553710938, 0.15113592147827148)
(30, 3, 0.8, 10, 0.11855363845825195, 0.11644458770751953)
(30, 3, 0.8, 10, 0.16141366958618164, 0.1547410488128662)
(30, 3, 0.8, 10, 0.11633133888244629, 0.11446809768676758)
(30, 3, 1, 1, 0.05176091194152832, 0.046219825744628906)
(30, 3, 1, 1, 0.049706459045410156, 0.0874624252319336)
(30, 3, 1, 1, 0.05376744270324707, 0.05020618438720703)
(30, 3, 1, 1, 0.05394697189331055, 0.04745173454284668)
(30, 3, 1, 1, 0.05013418197631836, 0.046608924865722656)
(30, 3, 1, 1, 0.04877328872680664, 0.044147491455078125)
(30, 3, 1, 1, 0.04935026168823242, 0.08173751831054688)
(30, 3, 1, 1, 0.04754900932312012, 0.04935431480407715)
(30, 3, 1, 1, 0.05106687545776367, 0.046855926513671875)
(30, 3, 1, 1, 0.04812908172607422, 0.04762911796569824)
(30, 3, 1, 5, 0.124664306640625, 0.16950082778930664)
(30, 3, 1, 5, 0.12241411209106445, 0.12473392486572266)
(30, 3, 1, 5, 0.16295504570007324, 0.1287703514099121)
(30, 3, 1, 5, 0.12092876434326172, 0.1251380443572998)
(30, 3, 1, 5, 0.16928887367248535, 0.12877345085144043)
(30, 3, 1, 5, 0.12727808952331543, 0.13617348670959473)
(30, 3, 1, 5, 0.16696691513061523, 0.12940645217895508)
(30, 3, 1, 5, 0.12000703811645508, 0.16387176513671875)
(30, 3, 1, 5, 0.12489151954650879, 0.12084007263183594)
(30, 3, 1, 5, 0.12433576583862305, 0.16047453880310059)
(30, 3, 1, 10, 0.1399061679840088, 0.14365553855895996)
(30, 3, 1, 10, 0.1827538013458252, 0.1359117031097412)
(30, 3, 1, 10, 0.15082049369812012, 0.18602871894836426)
(30, 3, 1, 10, 0.14468646049499512, 0.14139342308044434)
(30, 3, 1, 10, 0.14086580276489258, 0.18188023567199707)
(30, 3, 1, 10, 0.1393146514892578, 0.1398327350616455)
(30, 3, 1, 10, 0.1783595085144043, 0.14243531227111816)
(30, 3, 1, 10, 0.13535547256469727, 0.18206429481506348)
(30, 3, 1, 10, 0.14108991622924805, 0.1372542381286621)
(30, 3, 1, 10, 0.2400810718536377, 0.14554429054260254)
(30, 5, 0.6, 1, 0.030353069305419922, 0.04670882225036621)
(30, 5, 0.6, 1, 0.031287193298339844, 0.044617414474487305)
(30, 5, 0.6, 1, 0.02870941162109375, 0.046216487884521484)
(30, 5, 0.6, 1, 0.027080535888671875, 0.031871795654296875)
(30, 5, 0.6, 1, 0.025652647018432617, 0.03056931495666504)
(30, 5, 0.6, 1, 0.06689262390136719, 0.03935670852661133)
(30, 5, 0.6, 1, 0.03063821792602539, 0.03735923767089844)
(30, 5, 0.6, 1, 0.029172420501708984, 0.03273129463195801)
(30, 5, 0.6, 1, 0.029579639434814453, 0.0327754020690918)
(30, 5, 0.6, 1, 0.026856422424316406, 0.03910255432128906)
(30, 5, 0.6, 5, 0.1689140796661377, 0.208174467086792)
(30, 5, 0.6, 5, 0.1741318702697754, 0.1729433536529541)
(30, 5, 0.6, 5, 0.21164608001708984, 0.17305207252502441)
(30, 5, 0.6, 5, 0.17068266868591309, 0.21500587463378906)
(30, 5, 0.6, 5, 0.18294477462768555, 0.1812577247619629)
(30, 5, 0.6, 5, 0.209975004196167, 0.18149018287658691)
(30, 5, 0.6, 5, 0.24653983116149902, 0.2152411937713623)
(30, 5, 0.6, 5, 0.1777327060699463, 0.1722581386566162)
(30, 5, 0.6, 5, 0.22758913040161133, 0.17411398887634277)
(30, 5, 0.6, 5, 0.2023770809173584, 0.17293405532836914)
(30, 5, 0.6, 10, 0.22437167167663574, 0.2657773494720459)
(30, 5, 0.6, 10, 0.2306973934173584, 0.2630903720855713)
(30, 5, 0.6, 10, 0.2246246337890625, 0.25917673110961914)
(30, 5, 0.6, 10, 0.22290468215942383, 0.21741318702697754)
(30, 5, 0.6, 10, 0.27113890647888184, 0.21583318710327148)
(30, 5, 0.6, 10, 0.258709192276001, 0.21715784072875977)
(30, 5, 0.6, 10, 0.2592291831970215, 0.22894740104675293)
(30, 5, 0.6, 10, 0.27043652534484863, 0.22658634185791016)
(30, 5, 0.6, 10, 0.22096943855285645, 0.26219773292541504)
(30, 5, 0.6, 10, 0.2152235507965088, 0.2580893039703369)
(30, 5, 0.8, 1, 0.03497433662414551, 0.058171749114990234)
(30, 5, 0.8, 1, 0.03539419174194336, 0.05654287338256836)
(30, 5, 0.8, 1, 0.035700082778930664, 0.16987013816833496)
(30, 5, 0.8, 1, 0.03662705421447754, 0.06227278709411621)
(30, 5, 0.8, 1, 0.034094810485839844, 0.16507863998413086)
(30, 5, 0.8, 1, 0.0346221923828125, 0.05528688430786133)
(30, 5, 0.8, 1, 0.03364300727844238, 0.04487109184265137)
(30, 5, 0.8, 1, 0.03557395935058594, 0.08216595649719238)
(30, 5, 0.8, 1, 0.035352468490600586, 0.09901928901672363)
(30, 5, 0.8, 1, 0.036304473876953125, 0.05014920234680176)
(30, 5, 0.8, 5, 0.25049662590026855, 0.22287869453430176)
(30, 5, 0.8, 5, 0.21728944778442383, 0.26857542991638184)
(30, 5, 0.8, 5, 0.22165417671203613, 0.2639274597167969)
(30, 5, 0.8, 5, 0.2228376865386963, 0.28626203536987305)
(30, 5, 0.8, 5, 0.22367596626281738, 0.2702667713165283)
(30, 5, 0.8, 5, 0.22545886039733887, 0.261044979095459)
(30, 5, 0.8, 5, 0.21816062927246094, 0.2211897373199463)
(30, 5, 0.8, 5, 0.2654118537902832, 0.22480201721191406)
(30, 5, 0.8, 5, 0.27169060707092285, 0.2225170135498047)
(30, 5, 0.8, 5, 0.2572755813598633, 0.22545456886291504)
(30, 5, 0.8, 10, 0.4018242359161377, 0.35263681411743164)
(30, 5, 0.8, 10, 0.40877723693847656, 0.38216710090637207)
(30, 5, 0.8, 10, 0.4056878089904785, 0.408893346786499)
(30, 5, 0.8, 10, 0.42224931716918945, 0.43538713455200195)
(30, 5, 0.8, 10, 0.4275808334350586, 0.41707634925842285)
(30, 5, 0.8, 10, 0.382859468460083, 0.34647297859191895)
(30, 5, 0.8, 10, 0.4292726516723633, 0.38942551612854004)
(30, 5, 0.8, 10, 0.3997621536254883, 0.3965733051300049)
(30, 5, 0.8, 10, 0.3534858226776123, 0.3921651840209961)
(30, 5, 0.8, 10, 0.46471452713012695, 0.42841315269470215)
(30, 5, 1, 1, 0.043120622634887695, 0.18732762336730957)
(30, 5, 1, 1, 0.04077410697937012, 0.09817695617675781)
(30, 5, 1, 1, 0.04116988182067871, 0.18151259422302246)
(30, 5, 1, 1, 0.04053759574890137, 0.22811388969421387)
(30, 5, 1, 1, 0.042836904525756836, 0.17277073860168457)
(30, 5, 1, 1, 0.04323911666870117, 0.06161808967590332)
(30, 5, 1, 1, 0.03950357437133789, 0.19397640228271484)
(30, 5, 1, 1, 0.04169273376464844, 0.1790790557861328)
(30, 5, 1, 1, 0.04980659484863281, 0.1824333667755127)
(30, 5, 1, 1, 0.040246009826660156, 0.17124652862548828)
(30, 5, 1, 5, 0.33927345275878906, 0.33679914474487305)
(30, 5, 1, 5, 0.3089590072631836, 0.3659360408782959)
(30, 5, 1, 5, 0.3167843818664551, 0.36745142936706543)
(30, 5, 1, 5, 0.3059861660003662, 0.34531545639038086)
(30, 5, 1, 5, 0.3124096393585205, 0.3611266613006592)
(30, 5, 1, 5, 0.34578514099121094, 0.36815595626831055)
(30, 5, 1, 5, 0.36992526054382324, 0.3054032325744629)
(30, 5, 1, 5, 0.3450453281402588, 0.2966609001159668)
(30, 5, 1, 5, 0.3457460403442383, 0.31035614013671875)
(30, 5, 1, 5, 0.3209564685821533, 0.341965913772583)
(30, 5, 1, 10, 0.3648228645324707, 0.4241971969604492)
(30, 5, 1, 10, 0.405515193939209, 0.4112088680267334)
(30, 5, 1, 10, 0.37866759300231934, 0.4392404556274414)
(30, 5, 1, 10, 0.4171438217163086, 0.3865242004394531)
(30, 5, 1, 10, 0.446749210357666, 0.42734384536743164)
(30, 5, 1, 10, 0.4196197986602783, 0.359050989151001)
(30, 5, 1, 10, 0.43100547790527344, 0.4308338165283203)
(30, 5, 1, 10, 0.40735316276550293, 0.36530566215515137)
(30, 5, 1, 10, 0.4292881488800049, 0.42343950271606445)
(30, 5, 1, 10, 0.4575157165527344, 0.35631227493286133)
(30, 7, 0.6, 1, 0.020051240921020508, 0.030387163162231445)
(30, 7, 0.6, 1, 0.023116350173950195, 0.027002811431884766)
(30, 7, 0.6, 1, 0.02425694465637207, 0.027582168579101562)
(30, 7, 0.6, 1, 0.07730627059936523, 0.027099132537841797)
(30, 7, 0.6, 1, 0.02109980583190918, 0.026579856872558594)
(30, 7, 0.6, 1, 0.023592710494995117, 0.028690576553344727)
(30, 7, 0.6, 1, 0.020096540451049805, 0.028105974197387695)
(30, 7, 0.6, 1, 0.02013087272644043, 0.025613784790039062)
(30, 7, 0.6, 1, 0.023571014404296875, 0.02519369125366211)
(30, 7, 0.6, 1, 0.02231884002685547, 0.027935504913330078)
(30, 7, 0.6, 5, 0.25554442405700684, 0.2833411693572998)
(30, 7, 0.6, 5, 0.24966907501220703, 0.3018965721130371)
(30, 7, 0.6, 5, 0.25595831871032715, 0.30579471588134766)
(30, 7, 0.6, 5, 0.25375962257385254, 0.2620103359222412)
(30, 7, 0.6, 5, 0.2576718330383301, 0.2511000633239746)
(30, 7, 0.6, 5, 0.2520012855529785, 0.2674422264099121)
(30, 7, 0.6, 5, 0.29407572746276855, 0.2523670196533203)
(30, 7, 0.6, 5, 0.298492431640625, 0.251147985458374)
(30, 7, 0.6, 5, 0.30425214767456055, 0.2557961940765381)
(30, 7, 0.6, 5, 0.30585408210754395, 0.2702906131744385)
(30, 7, 0.6, 10, 0.4344496726989746, 0.4288151264190674)
(30, 7, 0.6, 10, 0.38825416564941406, 0.4602360725402832)
(30, 7, 0.6, 10, 0.42966747283935547, 0.437802791595459)
(30, 7, 0.6, 10, 0.4579789638519287, 0.44277191162109375)
(30, 7, 0.6, 10, 0.424257755279541, 0.4394805431365967)
(30, 7, 0.6, 10, 0.3848910331726074, 0.44912099838256836)
(30, 7, 0.6, 10, 0.4344062805175781, 0.4459257125854492)
(30, 7, 0.6, 10, 0.39868855476379395, 0.442915678024292)
(30, 7, 0.6, 10, 0.43186450004577637, 0.4287593364715576)
(30, 7, 0.6, 10, 0.38810014724731445, 0.4578077793121338)
(30, 7, 0.8, 1, 0.02659749984741211, 0.029244422912597656)
(30, 7, 0.8, 1, 0.025123119354248047, 0.029663801193237305)
(30, 7, 0.8, 1, 0.023286104202270508, 0.02913808822631836)
(30, 7, 0.8, 1, 0.026577234268188477, 0.029199838638305664)
(30, 7, 0.8, 1, 0.02757573127746582, 0.030094385147094727)
(30, 7, 0.8, 1, 0.02362370491027832, 0.0699625015258789)
(30, 7, 0.8, 1, 0.024170398712158203, 0.029738426208496094)
(30, 7, 0.8, 1, 0.023895978927612305, 0.030342578887939453)
(30, 7, 0.8, 1, 0.023633241653442383, 0.03257131576538086)
(30, 7, 0.8, 1, 0.02666926383972168, 0.030642271041870117)
(30, 7, 0.8, 5, 0.36988019943237305, 0.34389328956604004)
(30, 7, 0.8, 5, 0.3852050304412842, 0.38410353660583496)
(30, 7, 0.8, 5, 0.33309316635131836, 0.3915107250213623)
(30, 7, 0.8, 5, 0.3723273277282715, 0.3303079605102539)
(30, 7, 0.8, 5, 0.4459199905395508, 0.34056854248046875)
(30, 7, 0.8, 5, 0.38677978515625, 0.37080955505371094)
(30, 7, 0.8, 5, 0.32959794998168945, 0.38130760192871094)
(30, 7, 0.8, 5, 0.392535924911499, 0.34108829498291016)
(30, 7, 0.8, 5, 0.39092373847961426, 0.379925012588501)
(30, 7, 0.8, 5, 0.3374295234680176, 0.38924431800842285)
(30, 7, 0.8, 10, 0.577974796295166, 0.568967342376709)
(30, 7, 0.8, 10, 0.5807235240936279, 0.5951786041259766)
(30, 7, 0.8, 10, 0.595984697341919, 0.586082935333252)
(30, 7, 0.8, 10, 0.5722284317016602, 0.5821371078491211)
(30, 7, 0.8, 10, 0.5693283081054688, 0.5672972202301025)
(30, 7, 0.8, 10, 0.610053539276123, 0.5707910060882568)
(30, 7, 0.8, 10, 0.5718479156494141, 0.5838782787322998)
(30, 7, 0.8, 10, 0.591266393661499, 0.6069023609161377)
(30, 7, 0.8, 10, 0.5857512950897217, 0.5904574394226074)
(30, 7, 0.8, 10, 0.6035287380218506, 0.5791490077972412)
(30, 7, 1, 1, 0.02590799331665039, 0.030095815658569336)
(30, 7, 1, 1, 0.026143550872802734, 0.0302581787109375)
(30, 7, 1, 1, 0.03356003761291504, 0.03020453453063965)
(30, 7, 1, 1, 0.028429269790649414, 0.030261993408203125)
(30, 7, 1, 1, 0.02758336067199707, 0.030545949935913086)
(30, 7, 1, 1, 0.07879877090454102, 0.030681610107421875)
(30, 7, 1, 1, 0.027673006057739258, 0.03163290023803711)
(30, 7, 1, 1, 0.02908921241760254, 0.031241178512573242)
(30, 7, 1, 1, 0.029699087142944336, 0.030132532119750977)
(30, 7, 1, 1, 0.028142929077148438, 0.03335142135620117)
(30, 7, 1, 5, 0.5100305080413818, 0.4787464141845703)
(30, 7, 1, 5, 0.4373316764831543, 0.5054488182067871)
(30, 7, 1, 5, 0.4807264804840088, 0.49589085578918457)
(30, 7, 1, 5, 0.4717404842376709, 0.4722909927368164)
(30, 7, 1, 5, 0.4363279342651367, 0.506624698638916)
(30, 7, 1, 5, 0.47995734214782715, 0.4916117191314697)
(30, 7, 1, 5, 0.49584460258483887, 0.46589064598083496)
(30, 7, 1, 5, 0.5017414093017578, 0.49054861068725586)
(30, 7, 1, 5, 0.46759986877441406, 0.48372650146484375)
(30, 7, 1, 5, 0.5328576564788818, 0.4510078430175781)
(30, 7, 1, 10, 1.0751738548278809, 0.99698805809021)
(30, 7, 1, 10, 0.9762544631958008, 0.9868481159210205)
(30, 7, 1, 10, 0.9611740112304688, 0.9324502944946289)
(30, 7, 1, 10, 1.0051019191741943, 0.9688584804534912)
(30, 7, 1, 10, 0.9911847114562988, 0.9670498371124268)
(30, 7, 1, 10, 1.0673015117645264, 1.0385141372680664)
(30, 7, 1, 10, 0.9767105579376221, 0.9400174617767334)
(30, 7, 1, 10, 1.0191354751586914, 1.0091040134429932)
(30, 7, 1, 10, 1.0359549522399902, 1.0202445983886719)
(30, 7, 1, 10, 1.000004529953003, 0.9869308471679688)
(30, 9, 0.6, 1, 0.019171953201293945, 0.026376724243164062)
(30, 9, 0.6, 1, 0.021335601806640625, 0.030625343322753906)
(30, 9, 0.6, 1, 0.020104169845581055, 0.03168988227844238)
(30, 9, 0.6, 1, 0.022056102752685547, 0.03011012077331543)
(30, 9, 0.6, 1, 0.0216217041015625, 0.032289743423461914)
(30, 9, 0.6, 1, 0.020496845245361328, 0.02834010124206543)
(30, 9, 0.6, 1, 0.0200650691986084, 0.07990264892578125)
(30, 9, 0.6, 1, 0.021047115325927734, 0.026747941970825195)
(30, 9, 0.6, 1, 0.022680044174194336, 0.030369997024536133)
(30, 9, 0.6, 1, 0.03871417045593262, 0.04955649375915527)
(30, 9, 0.6, 5, 0.35797810554504395, 0.3781616687774658)
(30, 9, 0.6, 5, 0.38547825813293457, 0.34264612197875977)
(30, 9, 0.6, 5, 0.3770864009857178, 0.34546589851379395)
(30, 9, 0.6, 5, 0.3854358196258545, 0.3751037120819092)
(30, 9, 0.6, 5, 0.33490800857543945, 0.38727593421936035)
(30, 9, 0.6, 5, 0.364185094833374, 0.3432190418243408)
(30, 9, 0.6, 5, 0.384519100189209, 0.3387420177459717)
(30, 9, 0.6, 5, 0.39019346237182617, 0.3842813968658447)
(30, 9, 0.6, 5, 0.33694005012512207, 0.39409565925598145)
(30, 9, 0.6, 5, 0.37770915031433105, 0.33908700942993164)
(30, 9, 0.6, 10, 0.604771614074707, 0.7053654193878174)
(30, 9, 0.6, 10, 0.5948922634124756, 0.6081047058105469)
(30, 9, 0.6, 10, 0.6220207214355469, 0.6116595268249512)
(30, 9, 0.6, 10, 0.6068997383117676, 0.6199443340301514)
(30, 9, 0.6, 10, 0.60406494140625, 0.6112899780273438)
(30, 9, 0.6, 10, 0.605461835861206, 0.6137378215789795)
(30, 9, 0.6, 10, 0.6574411392211914, 0.6372902393341064)
(30, 9, 0.6, 10, 0.5860192775726318, 0.6155738830566406)
(30, 9, 0.6, 10, 0.611281156539917, 0.6076095104217529)
(30, 9, 0.6, 10, 0.634528636932373, 0.6099045276641846)
(30, 9, 0.8, 1, 0.023877859115600586, 0.03346729278564453)
(30, 9, 0.8, 1, 0.020063161849975586, 0.030841588973999023)
(30, 9, 0.8, 1, 0.022615909576416016, 0.0325167179107666)
(30, 9, 0.8, 1, 0.021970033645629883, 0.028583049774169922)
(30, 9, 0.8, 1, 0.025092601776123047, 0.028913497924804688)
(30, 9, 0.8, 1, 0.022068023681640625, 0.03519797325134277)
(30, 9, 0.8, 1, 0.023068904876708984, 0.029900074005126953)
(30, 9, 0.8, 1, 0.02312469482421875, 0.0318293571472168)
(30, 9, 0.8, 1, 0.023203611373901367, 0.033354997634887695)
(30, 9, 0.8, 1, 0.02006244659423828, 0.029088497161865234)
(30, 9, 0.8, 5, 0.47703123092651367, 0.4780094623565674)
(30, 9, 0.8, 5, 0.4714357852935791, 0.4387931823730469)
(30, 9, 0.8, 5, 0.4869966506958008, 0.5250840187072754)
(30, 9, 0.8, 5, 0.48166704177856445, 0.477428674697876)
(30, 9, 0.8, 5, 0.4745523929595947, 0.42939066886901855)
(30, 9, 0.8, 5, 0.48819875717163086, 0.4816107749938965)
(30, 9, 0.8, 5, 0.4649934768676758, 0.4755861759185791)
(30, 9, 0.8, 5, 0.42859554290771484, 0.44979190826416016)
(30, 9, 0.8, 5, 0.47428417205810547, 0.4831075668334961)
(30, 9, 0.8, 5, 0.4820868968963623, 0.47939562797546387)
(30, 9, 0.8, 10, 0.7939000129699707, 0.8358147144317627)
(30, 9, 0.8, 10, 0.8384015560150146, 0.8145289421081543)
(30, 9, 0.8, 10, 0.8238937854766846, 0.8384561538696289)
(30, 9, 0.8, 10, 0.9128904342651367, 0.8316447734832764)
(30, 9, 0.8, 10, 0.801339864730835, 0.8543064594268799)
(30, 9, 0.8, 10, 0.8075687885284424, 0.8873894214630127)
(30, 9, 0.8, 10, 0.8117151260375977, 0.8456335067749023)
(30, 9, 0.8, 10, 0.8129000663757324, 0.8043239116668701)
(30, 9, 0.8, 10, 0.8312444686889648, 0.8216075897216797)
(30, 9, 0.8, 10, 0.8426535129547119, 0.8163132667541504)
(30, 9, 1, 1, 0.02206897735595703, 0.03970170021057129)
(30, 9, 1, 1, 0.022066116333007812, 0.03179287910461426)
(30, 9, 1, 1, 0.024285554885864258, 0.03334975242614746)
(30, 9, 1, 1, 0.03715348243713379, 0.04081535339355469)
(30, 9, 1, 1, 0.023062944412231445, 0.028882741928100586)
(30, 9, 1, 1, 0.024617671966552734, 0.03108835220336914)
(30, 9, 1, 1, 0.02497076988220215, 0.09343075752258301)
(30, 9, 1, 1, 0.02407670021057129, 0.032633066177368164)
(30, 9, 1, 1, 0.030584096908569336, 0.030503273010253906)
(30, 9, 1, 1, 0.02148723602294922, 0.028639554977416992)
(30, 9, 1, 5, 0.5618925094604492, 0.5811131000518799)
(30, 9, 1, 5, 0.5737638473510742, 0.5914509296417236)
(30, 9, 1, 5, 0.5808279514312744, 0.5853826999664307)
(30, 9, 1, 5, 0.5865554809570312, 0.5803711414337158)
(30, 9, 1, 5, 0.5771758556365967, 0.6350729465484619)
(30, 9, 1, 5, 0.5855467319488525, 0.5851166248321533)
(30, 9, 1, 5, 0.5852925777435303, 0.5898103713989258)
(30, 9, 1, 5, 0.5800797939300537, 0.5851354598999023)
(30, 9, 1, 5, 0.6019635200500488, 0.5829405784606934)
(30, 9, 1, 5, 0.6250267028808594, 0.5801231861114502)
(30, 9, 1, 10, 1.101499080657959, 1.1143293380737305)
(30, 9, 1, 10, 1.121065378189087, 1.0948491096496582)
(30, 9, 1, 10, 1.0832583904266357, 1.1013460159301758)
(30, 9, 1, 10, 1.1020522117614746, 1.1211292743682861)
(30, 9, 1, 10, 1.1135718822479248, 1.1254148483276367)
(30, 9, 1, 10, 1.1409685611724854, 1.136497974395752)
(30, 9, 1, 10, 1.0898463726043701, 1.1175484657287598)
(30, 9, 1, 10, 1.1732814311981201, 1.1140902042388916)
(30, 9, 1, 10, 1.0689351558685303, 1.109039068222046)
(30, 9, 1, 10, 1.087437629699707, 1.101194143295288)
(40, 3, 0.6, 1, 0.057862281799316406, 0.051128387451171875)
(40, 3, 0.6, 1, 0.05089521408081055, 0.05063939094543457)
(40, 3, 0.6, 1, 0.05445671081542969, 0.05212736129760742)
(40, 3, 0.6, 1, 0.055197715759277344, 0.05363130569458008)
(40, 3, 0.6, 1, 0.05201387405395508, 0.05068159103393555)
(40, 3, 0.6, 1, 0.05437827110290527, 0.05268263816833496)
(40, 3, 0.6, 1, 0.05027270317077637, 0.05325579643249512)
(40, 3, 0.6, 1, 0.05117368698120117, 0.052135467529296875)
(40, 3, 0.6, 1, 0.052652835845947266, 0.05181074142456055)
(40, 3, 0.6, 1, 0.08830857276916504, 0.05306649208068848)
(40, 3, 0.6, 5, 0.14745521545410156, 0.1442267894744873)
(40, 3, 0.6, 5, 0.18106389045715332, 0.14244818687438965)
(40, 3, 0.6, 5, 0.1524956226348877, 0.14566683769226074)
(40, 3, 0.6, 5, 0.1921370029449463, 0.14427947998046875)
(40, 3, 0.6, 5, 0.14252281188964844, 0.18299555778503418)
(40, 3, 0.6, 5, 0.14452767372131348, 0.14542150497436523)
(40, 3, 0.6, 5, 0.17880702018737793, 0.14593076705932617)
(40, 3, 0.6, 5, 0.14350461959838867, 0.14298105239868164)
(40, 3, 0.6, 5, 0.18915629386901855, 0.14367175102233887)
(40, 3, 0.6, 5, 0.14995718002319336, 0.18618440628051758)
(40, 3, 0.6, 10, 0.16833806037902832, 0.16791963577270508)
(40, 3, 0.6, 10, 0.21395111083984375, 0.1695842742919922)
(40, 3, 0.6, 10, 0.16840386390686035, 0.21013355255126953)
(40, 3, 0.6, 10, 0.19783926010131836, 0.17853116989135742)
(40, 3, 0.6, 10, 0.22124457359313965, 0.23024559020996094)
(40, 3, 0.6, 10, 0.1755218505859375, 0.2140204906463623)
(40, 3, 0.6, 10, 0.17135334014892578, 0.17014503479003906)
(40, 3, 0.6, 10, 0.20952439308166504, 0.1669905185699463)
(40, 3, 0.6, 10, 0.1743018627166748, 0.21109724044799805)
(40, 3, 0.6, 10, 0.17341876029968262, 0.16599702835083008)
(40, 3, 0.8, 1, 0.06547260284423828, 0.11182498931884766)
(40, 3, 0.8, 1, 0.07259178161621094, 0.06668734550476074)
(40, 3, 0.8, 1, 0.0671544075012207, 0.06399703025817871)
(40, 3, 0.8, 1, 0.06930661201477051, 0.07060480117797852)
(40, 3, 0.8, 1, 0.10167837142944336, 0.06517243385314941)
(40, 3, 0.8, 1, 0.07310605049133301, 0.06718063354492188)
(40, 3, 0.8, 1, 0.06378436088562012, 0.06875967979431152)
(40, 3, 0.8, 1, 0.06671643257141113, 0.10130143165588379)
(40, 3, 0.8, 1, 0.06626677513122559, 0.06610560417175293)
(40, 3, 0.8, 1, 0.07354044914245605, 0.06683135032653809)
(40, 3, 0.8, 5, 0.22934985160827637, 0.1791551113128662)
(40, 3, 0.8, 5, 0.1784663200378418, 0.21726608276367188)
(40, 3, 0.8, 5, 0.1745452880859375, 0.1782221794128418)
(40, 3, 0.8, 5, 0.23295879364013672, 0.18581461906433105)
(40, 3, 0.8, 5, 0.20637845993041992, 0.17625212669372559)
(40, 3, 0.8, 5, 0.18105173110961914, 0.2302095890045166)
(40, 3, 0.8, 5, 0.1809864044189453, 0.22143959999084473)
(40, 3, 0.8, 5, 0.2431163787841797, 0.1915297508239746)
(40, 3, 0.8, 5, 0.2286667823791504, 0.1793074607849121)
(40, 3, 0.8, 5, 0.22789311408996582, 0.1886303424835205)
(40, 3, 0.8, 10, 0.19681334495544434, 0.2484889030456543)
(40, 3, 0.8, 10, 0.19764137268066406, 0.2379307746887207)
(40, 3, 0.8, 10, 0.2147693634033203, 0.24280714988708496)
(40, 3, 0.8, 10, 0.20040583610534668, 0.1931591033935547)
(40, 3, 0.8, 10, 0.25345754623413086, 0.21151375770568848)
(40, 3, 0.8, 10, 0.31321239471435547, 0.20480084419250488)
(40, 3, 0.8, 10, 0.2426586151123047, 0.20531582832336426)
(40, 3, 0.8, 10, 0.24779844284057617, 0.20505189895629883)
(40, 3, 0.8, 10, 0.20252060890197754, 0.2549445629119873)
(40, 3, 0.8, 10, 0.1998448371887207, 0.2616252899169922)
(40, 3, 1, 1, 0.08536887168884277, 0.08265519142150879)
(40, 3, 1, 1, 0.08191275596618652, 0.07772612571716309)
(40, 3, 1, 1, 0.12920737266540527, 0.07968449592590332)
(40, 3, 1, 1, 0.08209753036499023, 0.08170533180236816)
(40, 3, 1, 1, 0.08225607872009277, 0.08159971237182617)
(40, 3, 1, 1, 0.11642765998840332, 0.08070158958435059)
(40, 3, 1, 1, 0.08468842506408691, 0.07961821556091309)
(40, 3, 1, 1, 0.08092617988586426, 0.08225154876708984)
(40, 3, 1, 1, 0.12038898468017578, 0.08171296119689941)
(40, 3, 1, 1, 0.08147096633911133, 0.07816147804260254)
(40, 3, 1, 5, 0.24650907516479492, 0.21183490753173828)
(40, 3, 1, 5, 0.2618446350097656, 0.2135624885559082)
(40, 3, 1, 5, 0.32015132904052734, 0.2104175090789795)
(40, 3, 1, 5, 0.25961899757385254, 0.2138528823852539)
(40, 3, 1, 5, 0.21134257316589355, 0.266495943069458)
(40, 3, 1, 5, 0.22988200187683105, 0.25202155113220215)
(40, 3, 1, 5, 0.2131946086883545, 0.25949931144714355)
(40, 3, 1, 5, 0.22020578384399414, 0.2609264850616455)
(40, 3, 1, 5, 0.21628355979919434, 0.2530398368835449)
(40, 3, 1, 5, 0.21815276145935059, 0.2555427551269531)
(40, 3, 1, 10, 0.24686527252197266, 0.28822946548461914)
(40, 3, 1, 10, 0.26114463806152344, 0.2910652160644531)
(40, 3, 1, 10, 0.24229931831359863, 0.2847421169281006)
(40, 3, 1, 10, 0.28046178817749023, 0.2512247562408447)
(40, 3, 1, 10, 0.2937452793121338, 0.2603473663330078)
(40, 3, 1, 10, 0.2926356792449951, 0.25923871994018555)
(40, 3, 1, 10, 0.3257732391357422, 0.252044677734375)
(40, 3, 1, 10, 0.2853713035583496, 0.2872316837310791)
(40, 3, 1, 10, 0.2527022361755371, 0.2963290214538574)
(40, 3, 1, 10, 0.2435758113861084, 0.2913329601287842)
(40, 5, 0.6, 1, 0.04422163963317871, 0.19479870796203613)
(40, 5, 0.6, 1, 0.045705556869506836, 0.16890168190002441)
(40, 5, 0.6, 1, 0.04567980766296387, 0.12248492240905762)
(40, 5, 0.6, 1, 0.04573464393615723, 0.061399221420288086)
(40, 5, 0.6, 1, 0.04661750793457031, 0.21133089065551758)
(40, 5, 0.6, 1, 0.04742741584777832, 0.08778929710388184)
(40, 5, 0.6, 1, 0.0441129207611084, 0.10136175155639648)
(40, 5, 0.6, 1, 0.04568934440612793, 0.18501663208007812)
(40, 5, 0.6, 1, 0.050215721130371094, 0.24494314193725586)
(40, 5, 0.6, 1, 0.046721696853637695, 0.08207559585571289)
(40, 5, 0.6, 5, 0.33827924728393555, 0.3390512466430664)
(40, 5, 0.6, 5, 0.32172250747680664, 0.3509538173675537)
(40, 5, 0.6, 5, 0.3113677501678467, 0.3572878837585449)
(40, 5, 0.6, 5, 0.338803768157959, 0.2950863838195801)
(40, 5, 0.6, 5, 0.33379554748535156, 0.298292875289917)
(40, 5, 0.6, 5, 0.3349759578704834, 0.3391289710998535)
(40, 5, 0.6, 5, 0.302443265914917, 0.35843896865844727)
(40, 5, 0.6, 5, 0.2903735637664795, 0.34510087966918945)
(40, 5, 0.6, 5, 0.3329203128814697, 0.31810426712036133)
(40, 5, 0.6, 5, 0.3605508804321289, 0.31795263290405273)
(40, 5, 0.6, 10, 0.4629058837890625, 0.4427635669708252)
(40, 5, 0.6, 10, 0.4535558223724365, 0.44788694381713867)
(40, 5, 0.6, 10, 0.39940381050109863, 0.462343692779541)
(40, 5, 0.6, 10, 0.43262672424316406, 0.4522242546081543)
(40, 5, 0.6, 10, 0.39417266845703125, 0.4651937484741211)
(40, 5, 0.6, 10, 0.4422111511230469, 0.4456441402435303)
(40, 5, 0.6, 10, 0.4538717269897461, 0.39925336837768555)
(40, 5, 0.6, 10, 0.4690852165222168, 0.5233650207519531)
(40, 5, 0.6, 10, 0.4501533508300781, 0.4598703384399414)
(40, 5, 0.6, 10, 0.40148091316223145, 0.45894885063171387)
(40, 5, 0.8, 1, 0.05724287033081055, 0.19170737266540527)
(40, 5, 0.8, 1, 0.0601649284362793, 0.24802589416503906)
(40, 5, 0.8, 1, 0.05825161933898926, 0.19727516174316406)
(40, 5, 0.8, 1, 0.057158470153808594, 0.23080015182495117)
(40, 5, 0.8, 1, 0.05435967445373535, 0.2110886573791504)
(40, 5, 0.8, 1, 0.0633077621459961, 0.20168375968933105)
(40, 5, 0.8, 1, 0.09554409980773926, 0.18328428268432617)
(40, 5, 0.8, 1, 0.057079315185546875, 0.19916343688964844)
(40, 5, 0.8, 1, 0.05907106399536133, 0.3031930923461914)
(40, 5, 0.8, 1, 0.06486225128173828, 0.2086026668548584)
(40, 5, 0.8, 5, 0.47855281829833984, 0.4609801769256592)
(40, 5, 0.8, 5, 0.44739794731140137, 0.4125511646270752)
(40, 5, 0.8, 5, 0.47805094718933105, 0.46173572540283203)
(40, 5, 0.8, 5, 0.4544999599456787, 0.4553532600402832)
(40, 5, 0.8, 5, 0.4142444133758545, 0.47586917877197266)
(40, 5, 0.8, 5, 0.43798184394836426, 0.4532184600830078)
(40, 5, 0.8, 5, 0.4563326835632324, 0.39800500869750977)
(40, 5, 0.8, 5, 0.48466920852661133, 0.4458169937133789)
(40, 5, 0.8, 5, 0.4529552459716797, 0.44843602180480957)
(40, 5, 0.8, 5, 0.3997466564178467, 0.47008848190307617)
(40, 5, 0.8, 10, 0.8728125095367432, 0.917372465133667)
(40, 5, 0.8, 10, 0.8244235515594482, 0.833289623260498)
(40, 5, 0.8, 10, 0.8291041851043701, 0.8243522644042969)
(40, 5, 0.8, 10, 0.8268430233001709, 0.8464682102203369)
(40, 5, 0.8, 10, 0.781726598739624, 0.7701184749603271)
(40, 5, 0.8, 10, 0.8012523651123047, 0.8288908004760742)
(40, 5, 0.8, 10, 0.8489949703216553, 0.8418946266174316)
(40, 5, 0.8, 10, 0.8364968299865723, 0.8268158435821533)
(40, 5, 0.8, 10, 0.8444042205810547, 0.860386848449707)
(40, 5, 0.8, 10, 0.8540768623352051, 0.8054535388946533)
(40, 5, 1, 1, 0.07143592834472656, 0.39346933364868164)
(40, 5, 1, 1, 0.09400081634521484, 1.2165040969848633)
(40, 5, 1, 1, 0.0705564022064209, 0.6425070762634277)
(40, 5, 1, 1, 0.07230353355407715, 0.2169802188873291)
(40, 5, 1, 1, 0.06734871864318848, 0.3805696964263916)
(40, 5, 1, 1, 0.07422208786010742, 0.5721609592437744)
(40, 5, 1, 1, 0.0704488754272461, 0.5026986598968506)
(40, 5, 1, 1, 0.06941866874694824, 0.46834897994995117)
(40, 5, 1, 1, 0.06596255302429199, 1.0556530952453613)
(40, 5, 1, 1, 0.06923127174377441, 0.4040408134460449)
(40, 5, 1, 5, 0.7318840026855469, 0.7144227027893066)
(40, 5, 1, 5, 0.7327828407287598, 0.7273869514465332)
(40, 5, 1, 5, 0.6883690357208252, 0.6445684432983398)
(40, 5, 1, 5, 0.6468327045440674, 0.6791975498199463)
(40, 5, 1, 5, 0.7867016792297363, 0.8400986194610596)
(40, 5, 1, 5, 0.798349142074585, 0.7257792949676514)
(40, 5, 1, 5, 0.6838312149047852, 0.6856784820556641)
(40, 5, 1, 5, 0.7123701572418213, 0.699491024017334)
(40, 5, 1, 5, 0.7176358699798584, 0.7185792922973633)
(40, 5, 1, 5, 0.6910972595214844, 0.6807818412780762)
(40, 5, 1, 10, 0.6831774711608887, 0.6567304134368896)
(40, 5, 1, 10, 0.6345455646514893, 0.6771101951599121)
(40, 5, 1, 10, 0.66202712059021, 0.6608402729034424)
(40, 5, 1, 10, 0.6437413692474365, 0.6654069423675537)
(40, 5, 1, 10, 0.7336513996124268, 0.7379426956176758)
(40, 5, 1, 10, 0.7043988704681396, 0.6584377288818359)
(40, 5, 1, 10, 0.6380066871643066, 0.6808433532714844)
(40, 5, 1, 10, 0.7410755157470703, 0.7012138366699219)
(40, 5, 1, 10, 0.6789796352386475, 0.6990153789520264)
(40, 5, 1, 10, 0.7105631828308105, 0.6844172477722168)
(40, 7, 0.6, 1, 0.031139850616455078, 0.03891611099243164)
(40, 7, 0.6, 1, 0.08995342254638672, 0.039041996002197266)
(40, 7, 0.6, 1, 0.03756237030029297, 0.040608882904052734)
(40, 7, 0.6, 1, 0.036151885986328125, 0.04011797904968262)
(40, 7, 0.6, 1, 0.03308606147766113, 0.04332470893859863)
(40, 7, 0.6, 1, 0.033149003982543945, 0.03986930847167969)
(40, 7, 0.6, 1, 0.03523421287536621, 0.04181814193725586)
(40, 7, 0.6, 1, 0.03342318534851074, 0.039122581481933594)
(40, 7, 0.6, 1, 0.04529213905334473, 0.043077945709228516)
(40, 7, 0.6, 1, 0.034226417541503906, 0.0453033447265625)
(40, 7, 0.6, 5, 0.49037885665893555, 0.5109167098999023)
(40, 7, 0.6, 5, 0.5154750347137451, 0.5421276092529297)
(40, 7, 0.6, 5, 0.5068931579589844, 0.5223393440246582)
(40, 7, 0.6, 5, 0.5288703441619873, 0.4625532627105713)
(40, 7, 0.6, 5, 0.5229766368865967, 0.5276327133178711)
(40, 7, 0.6, 5, 0.5483996868133545, 0.5180156230926514)
(40, 7, 0.6, 5, 0.5298457145690918, 0.5201241970062256)
(40, 7, 0.6, 5, 0.5311098098754883, 0.5880284309387207)
(40, 7, 0.6, 5, 0.4753270149230957, 0.5185744762420654)
(40, 7, 0.6, 5, 0.5181078910827637, 0.49863290786743164)
(40, 7, 0.6, 10, 0.7509329319000244, 0.8204879760742188)
(40, 7, 0.6, 10, 0.7633383274078369, 0.7580265998840332)
(40, 7, 0.6, 10, 0.8200728893280029, 0.8411805629730225)
(40, 7, 0.6, 10, 0.7878713607788086, 0.8216304779052734)
(40, 7, 0.6, 10, 0.7875792980194092, 0.7971477508544922)
(40, 7, 0.6, 10, 0.8006434440612793, 0.7845087051391602)
(40, 7, 0.6, 10, 0.840099573135376, 0.8434967994689941)
(40, 7, 0.6, 10, 0.7847945690155029, 0.8360614776611328)
(40, 7, 0.6, 10, 0.8078138828277588, 0.7839276790618896)
(40, 7, 0.6, 10, 0.7886912822723389, 0.8039572238922119)
(40, 7, 0.8, 1, 0.040229082107543945, 0.04467582702636719)
(40, 7, 0.8, 1, 0.03762626647949219, 0.046991825103759766)
(40, 7, 0.8, 1, 0.043170928955078125, 0.045453786849975586)
(40, 7, 0.8, 1, 0.038732290267944336, 0.04291415214538574)
(40, 7, 0.8, 1, 0.03859829902648926, 0.04363822937011719)
(40, 7, 0.8, 1, 0.04021143913269043, 0.044004201889038086)
(40, 7, 0.8, 1, 0.03920340538024902, 0.04367256164550781)
(40, 7, 0.8, 1, 0.03772139549255371, 0.11949348449707031)
(40, 7, 0.8, 1, 0.042289018630981445, 0.04466366767883301)
(40, 7, 0.8, 1, 0.039877891540527344, 0.0473480224609375)
(40, 7, 0.8, 5, 0.6620333194732666, 0.672473669052124)
(40, 7, 0.8, 5, 0.6705310344696045, 0.6733784675598145)
(40, 7, 0.8, 5, 0.6970787048339844, 0.6878905296325684)
(40, 7, 0.8, 5, 0.6682467460632324, 0.6735851764678955)
(40, 7, 0.8, 5, 0.6788980960845947, 0.7028262615203857)
(40, 7, 0.8, 5, 0.672447681427002, 0.6774322986602783)
(40, 7, 0.8, 5, 0.6729757785797119, 0.6788129806518555)
(40, 7, 0.8, 5, 0.6814165115356445, 0.7998154163360596)
(40, 7, 0.8, 5, 0.6826255321502686, 0.7055559158325195)
(40, 7, 0.8, 5, 0.7068462371826172, 0.6878573894500732)
(40, 7, 0.8, 10, 1.0846567153930664, 1.1962323188781738)
(40, 7, 0.8, 10, 1.170381784439087, 1.1963534355163574)
(40, 7, 0.8, 10, 1.274275779724121, 1.1374707221984863)
(40, 7, 0.8, 10, 1.2114553451538086, 1.0507373809814453)
(40, 7, 0.8, 10, 1.12009859085083, 1.198232889175415)
(40, 7, 0.8, 10, 1.0660576820373535, 1.0515990257263184)
(40, 7, 0.8, 10, 1.0559184551239014, 1.0787200927734375)
(40, 7, 0.8, 10, 1.0798373222351074, 1.101529598236084)
(40, 7, 0.8, 10, 1.0495526790618896, 1.0783658027648926)
(40, 7, 0.8, 10, 1.0851433277130127, 1.0791950225830078)
(40, 7, 1, 1, 0.04461932182312012, 0.04782986640930176)
(40, 7, 1, 1, 0.04317116737365723, 0.050319671630859375)
(40, 7, 1, 1, 0.041817426681518555, 0.050118446350097656)
(40, 7, 1, 1, 0.04199504852294922, 0.048600196838378906)
(40, 7, 1, 1, 0.041399478912353516, 0.04827761650085449)
(40, 7, 1, 1, 0.041683197021484375, 0.04779553413391113)
(40, 7, 1, 1, 0.04357409477233887, 0.04705977439880371)
(40, 7, 1, 1, 0.05758023262023926, 0.05213427543640137)
(40, 7, 1, 1, 0.11835002899169922, 0.05059361457824707)
(40, 7, 1, 1, 0.041333675384521484, 0.04754471778869629)
(40, 7, 1, 5, 0.834604024887085, 0.8926119804382324)
(40, 7, 1, 5, 1.227550745010376, 0.9956221580505371)
(40, 7, 1, 5, 0.9924225807189941, 0.920799732208252)
(40, 7, 1, 5, 0.9082412719726562, 0.9438509941101074)
(40, 7, 1, 5, 0.9175982475280762, 0.8841381072998047)
(40, 7, 1, 5, 0.9275634288787842, 0.9535319805145264)
(40, 7, 1, 5, 0.8969740867614746, 0.8953139781951904)
(40, 7, 1, 5, 0.9369654655456543, 0.8743383884429932)
(40, 7, 1, 5, 0.9292392730712891, 0.903249979019165)
(40, 7, 1, 5, 0.9603104591369629, 0.8641180992126465)
(40, 7, 1, 10, 1.7415215969085693, 1.7663373947143555)
(40, 7, 1, 10, 1.7942230701446533, 1.7533111572265625)
(40, 7, 1, 10, 1.8364603519439697, 1.7802674770355225)
(40, 7, 1, 10, 1.7229962348937988, 1.8306219577789307)
(40, 7, 1, 10, 1.7294409275054932, 1.7680890560150146)
(40, 7, 1, 10, 1.7501399517059326, 1.7471230030059814)
(40, 7, 1, 10, 1.8526835441589355, 1.7640695571899414)
(40, 7, 1, 10, 1.736830711364746, 1.7695600986480713)
(40, 7, 1, 10, 1.820899486541748, 1.8116168975830078)
(40, 7, 1, 10, 1.7482171058654785, 1.8258216381072998)
(40, 9, 0.6, 1, 0.03950190544128418, 0.05736112594604492)
(40, 9, 0.6, 1, 0.04001140594482422, 0.046401262283325195)
(40, 9, 0.6, 1, 0.03672480583190918, 0.05115914344787598)
(40, 9, 0.6, 1, 0.03466391563415527, 0.039630889892578125)
(40, 9, 0.6, 1, 0.03682303428649902, 0.04413580894470215)
(40, 9, 0.6, 1, 0.0319674015045166, 0.04019474983215332)
(40, 9, 0.6, 1, 0.0331273078918457, 0.06641030311584473)
(40, 9, 0.6, 1, 0.04723072052001953, 0.0443272590637207)
(40, 9, 0.6, 1, 0.11619281768798828, 0.03998589515686035)
(40, 9, 0.6, 1, 0.03156852722167969, 0.04160618782043457)
(40, 9, 0.6, 5, 0.6265888214111328, 0.6605067253112793)
(40, 9, 0.6, 5, 9.237267017364502, 11.02356481552124)
(40, 9, 0.6, 5, 18.051652908325195, 9.92974328994751)
(40, 9, 0.6, 5, 0.6443691253662109, 0.6416447162628174)
(40, 9, 0.6, 5, 0.6739270687103271, 0.7200655937194824)
(40, 9, 0.6, 5, 12.06761908531189, 8.28256893157959)
(40, 9, 0.6, 5, 12.269636869430542, 8.413197755813599)
(40, 9, 0.6, 5, 0.7110869884490967, 0.652381181716919)
(40, 9, 0.6, 5, 0.6394755840301514, 0.683419942855835)
(40, 9, 0.6, 5, 0.64229416847229, 0.6559805870056152)
(40, 9, 0.6, 10, 1.1853127479553223, 1.1421070098876953)
(40, 9, 0.6, 10, 1.104630708694458, 1.1422860622406006)
(40, 9, 0.6, 10, 1.1339459419250488, 1.1429882049560547)
(40, 9, 0.6, 10, 1.1322665214538574, 1.133467435836792)
(40, 9, 0.6, 10, 1.136742115020752, 1.1418275833129883)
(40, 9, 0.6, 10, 1.1399776935577393, 1.147653579711914)
(40, 9, 0.6, 10, 1.2384839057922363, 1.1157560348510742)
(40, 9, 0.6, 10, 1.1217117309570312, 1.14801025390625)
(40, 9, 0.6, 10, 1.135504961013794, 1.1456100940704346)
(40, 9, 0.6, 10, 1.1232848167419434, 1.1617796421051025)
(40, 9, 0.8, 1, 0.035175323486328125, 0.04680824279785156)
(40, 9, 0.8, 1, 0.034375667572021484, 0.0478665828704834)
(40, 9, 0.8, 1, 0.03806328773498535, 0.04035329818725586)
(40, 9, 0.8, 1, 0.03473639488220215, 0.04422426223754883)
(40, 9, 0.8, 1, 0.03759646415710449, 0.04593396186828613)
(40, 9, 0.8, 1, 0.035169363021850586, 0.04110455513000488)
(40, 9, 0.8, 1, 0.034210205078125, 0.04118609428405762)
(40, 9, 0.8, 1, 0.035614013671875, 0.043604135513305664)
(40, 9, 0.8, 1, 0.04198884963989258, 0.08912467956542969)
(40, 9, 0.8, 1, 0.04535984992980957, 0.04361391067504883)
(40, 9, 0.8, 5, 0.9109771251678467, 0.8628559112548828)
(40, 9, 0.8, 5, 0.8798820972442627, 0.8429133892059326)
(40, 9, 0.8, 5, 0.861624002456665, 0.8482170104980469)
(40, 9, 0.8, 5, 0.8753516674041748, 0.8550033569335938)
(40, 9, 0.8, 5, 0.9442276954650879, 0.8661763668060303)
(40, 9, 0.8, 5, 0.8806557655334473, 0.8633060455322266)
(40, 9, 0.8, 5, 0.8908829689025879, 0.8714728355407715)
(40, 9, 0.8, 5, 0.8398199081420898, 0.8671996593475342)
(40, 9, 0.8, 5, 0.8148858547210693, 0.8783822059631348)
(40, 9, 0.8, 5, 0.8340656757354736, 0.8908708095550537)
(40, 9, 0.8, 10, 1.5016989707946777, 1.5916292667388916)
(40, 9, 0.8, 10, 1.5451838970184326, 1.5575990676879883)
(40, 9, 0.8, 10, 1.5340046882629395, 1.5583508014678955)
(40, 9, 0.8, 10, 1.5122008323669434, 1.5840439796447754)
(40, 9, 0.8, 10, 1.5842413902282715, 1.5783631801605225)
(40, 9, 0.8, 10, 1.655510425567627, 1.5792088508605957)
(40, 9, 0.8, 10, 1.518488883972168, 1.5147173404693604)
(40, 9, 0.8, 10, 1.5631129741668701, 1.5094330310821533)
(40, 9, 0.8, 10, 1.5813186168670654, 1.5614535808563232)
(40, 9, 0.8, 10, 1.544804573059082, 1.5071251392364502)
(40, 9, 1, 1, 0.038141727447509766, 0.04515385627746582)
(40, 9, 1, 1, 0.03665971755981445, 0.0507357120513916)
(40, 9, 1, 1, 0.037839412689208984, 0.04463791847229004)
(40, 9, 1, 1, 0.040616750717163086, 0.045853614807128906)
(40, 9, 1, 1, 0.038843393325805664, 0.0453190803527832)
(40, 9, 1, 1, 0.03957223892211914, 0.04370737075805664)
(40, 9, 1, 1, 0.03835296630859375, 0.05011868476867676)
(40, 9, 1, 1, 0.037194252014160156, 0.04767441749572754)
(40, 9, 1, 1, 0.062262535095214844, 0.04525494575500488)
(40, 9, 1, 1, 0.036571502685546875, 0.04791975021362305)
(40, 9, 1, 5, 1.1697311401367188, 1.0833823680877686)
(40, 9, 1, 5, 1.0813307762145996, 1.0926334857940674)
(40, 9, 1, 5, 1.0738344192504883, 1.0709757804870605)
(40, 9, 1, 5, 1.0702571868896484, 1.0987589359283447)
(40, 9, 1, 5, 1.1787655353546143, 1.0947115421295166)
(40, 9, 1, 5, 1.0511400699615479, 1.0858187675476074)
(40, 9, 1, 5, 1.0878868103027344, 1.0918593406677246)
(40, 9, 1, 5, 1.1264739036560059, 1.0986855030059814)
(40, 9, 1, 5, 1.0698025226593018, 1.0923607349395752)
(40, 9, 1, 5, 1.0846080780029297, 1.1104736328125)
(40, 9, 1, 10, 2.1013693809509277, 2.157534122467041)
(40, 9, 1, 10, 2.1904449462890625, 2.248326063156128)
(40, 9, 1, 10, 2.1319990158081055, 2.18295955657959)
(40, 9, 1, 10, 2.140052080154419, 2.1915786266326904)
(40, 9, 1, 10, 2.1148812770843506, 2.2062466144561768)
(40, 9, 1, 10, 2.1452019214630127, 2.1814427375793457)
(40, 9, 1, 10, 2.107304811477661, 2.2832884788513184)
(40, 9, 1, 10, 2.09114408493042, 2.113739252090454)
(40, 9, 1, 10, 2.172389030456543, 2.1511025428771973)
(40, 9, 1, 10, 2.1601345539093018, 2.132014751434326)
